0 0.244939 0.883661 0.047233 0.019648
0 0.128205 0.883661 0.040486 0.019648
0 0.722672 0.871768 0.012146 0.008273
0 0.655196 0.871768 0.012146 0.008273
0 0.569501 0.871768 0.010796 0.008273
0 0.503374 0.871768 0.010796 0.008273
0 0.391363 0.871768 0.010796 0.008273
0 0.368421 0.871251 0.010796 0.007239
0 0.226721 0.871768 0.010796 0.008273
0 0.113360 0.871768 0.010796 0.008273
0 0.838057 0.868666 0.010796 0.014478
0 0.085020 0.861944 0.005398 0.013444
0 0.078273 0.861944 0.005398 0.013444
0 0.891363 0.860910 0.006748 0.017580
0 0.280702 0.868149 0.421053 0.050672
1 0.287449 0.837125 0.010796 0.005171
1 0.226721 0.837125 0.010796 0.005171
1 0.136977 0.837125 0.012146 0.005171
1 0.080297 0.834023 0.006748 0.007239
1 0.072874 0.834023 0.005398 0.007239
0 0.703104 0.859359 0.421053 0.062048
1 0.808367 0.826784 0.010796 0.007239
1 0.772605 0.825233 0.009447 0.004137
1 0.756410 0.826784 0.009447 0.007239
1 0.739541 0.826784 0.010796 0.007239
1 0.722672 0.826784 0.009447 0.007239
1 0.706478 0.826784 0.009447 0.007239
1 0.688934 0.825750 0.009447 0.005171
1 0.672740 0.826784 0.009447 0.007239
1 0.655196 0.826784 0.009447 0.007239
1 0.620108 0.826784 0.009447 0.007239
1 0.602564 0.825233 0.009447 0.004137
1 0.586370 0.826784 0.009447 0.007239
1 0.570175 0.826784 0.009447 0.007239
1 0.883941 0.822647 0.005398 0.009307
1 0.876518 0.822647 0.009447 0.009307
1 0.367746 0.814374 0.009447 0.007239
1 0.365047 0.803516 0.028340 0.008273
1 0.373819 0.796794 0.010796 0.005171
1 0.817139 0.797311 0.017544 0.012410
1 0.142375 0.797828 0.017544 0.013444
1 0.846154 0.760600 0.010796 0.007239
1 0.830634 0.760600 0.012146 0.007239
1 0.814440 0.760600 0.012146 0.007239
1 0.753711 0.760600 0.012146 0.007239
1 0.740891 0.760600 0.010796 0.007239
1 0.723347 0.760600 0.010796 0.007239
1 0.566127 0.760600 0.012146 0.007239
1 0.549933 0.760600 0.012146 0.007239
1 0.500000 0.760600 0.012146 0.007239
1 0.186235 0.760600 0.010796 0.007239
1 0.170715 0.760600 0.012146 0.007239
1 0.154521 0.760600 0.012146 0.007239
1 0.138327 0.760600 0.012146 0.007239
1 0.342780 0.760600 0.010796 0.013444
1 0.271930 0.755429 0.006748 0.009307
1 0.080972 0.747673 0.005398 0.006205
1 0.491228 0.775078 0.844804 0.065150
1 0.111336 0.729576 0.006748 0.005171
1 0.788799 0.728542 0.009447 0.007239
1 0.520918 0.716649 0.026991 0.008273
1 0.528340 0.710962 0.012146 0.005171
1 0.863698 0.699069 0.010796 0.008273
1 0.827260 0.699069 0.010796 0.008273
1 0.755061 0.699069 0.012146 0.008273
1 0.670040 0.699069 0.012146 0.008273
1 0.610661 0.699069 0.012146 0.008273
1 0.512821 0.699069 0.010796 0.008273
1 0.472335 0.699069 0.010796 0.008273
1 0.432524 0.699069 0.012146 0.008273
1 0.346829 0.699069 0.010796 0.008273
1 0.221323 0.699069 0.010796 0.008273
1 0.184885 0.699069 0.010796 0.008273
1 0.112686 0.699069 0.012146 0.008273
1 0.085020 0.689245 0.005398 0.013444
1 0.078273 0.689245 0.005398 0.013444
1 0.280702 0.695967 0.421053 0.049638
1 0.703104 0.695450 0.421053 0.050672
1 0.550607 0.664426 0.010796 0.005171
1 0.512821 0.664426 0.010796 0.005171
1 0.452767 0.664426 0.012146 0.005171
1 0.252362 0.664426 0.010796 0.005171
1 0.080297 0.661324 0.006748 0.007239
1 0.072200 0.661324 0.006748 0.007239
1 0.313765 0.654085 0.009447 0.007239
1 0.288124 0.654085 0.009447 0.007239
1 0.610661 0.640641 0.009447 0.005171
1 0.617409 0.625646 0.009447 0.016546
1 0.671390 0.619959 0.031039 0.021717
1 0.587045 0.618925 0.010796 0.019648
1 0.844804 0.612203 0.010796 0.008273
1 0.786775 0.612203 0.010796 0.008273
1 0.617409 0.612203 0.012146 0.008273
1 0.522942 0.612203 0.012146 0.008273
1 0.460864 0.612203 0.012146 0.008273
1 0.172065 0.612203 0.012146 0.008273
1 0.690958 0.605998 0.010796 0.008273
1 0.673414 0.604964 0.008097 0.006205
1 0.535088 0.600310 0.006748 0.005171
1 0.747638 0.599793 0.010796 0.008273
1 0.725371 0.615822 0.036437 0.040331
1 0.085020 0.602378 0.005398 0.013444
1 0.078273 0.602378 0.005398 0.013444
1 0.678812 0.597208 0.008097 0.013444
1 0.617409 0.593588 0.012146 0.008273
1 0.600540 0.592554 0.008097 0.006205
1 0.541161 0.591003 0.008097 0.011375
1 0.869771 0.607549 0.060729 0.046536
1 0.861673 0.587901 0.012146 0.007239
1 0.845479 0.587901 0.012146 0.007239
1 0.821188 0.607549 0.028340 0.046536
1 0.522942 0.587384 0.012146 0.006205
1 0.520243 0.610134 0.074224 0.051706
1 0.460864 0.587901 0.012146 0.007239
1 0.435223 0.607549 0.028340 0.046536
1 0.377193 0.609100 0.041835 0.049638
1 0.336032 0.607549 0.029690 0.046536
1 0.283401 0.607549 0.064777 0.046536
1 0.197706 0.607549 0.060729 0.046536
1 0.172065 0.587901 0.012146 0.007239
1 0.155870 0.587901 0.012146 0.007239
1 0.142375 0.607549 0.017544 0.046536
1 0.786100 0.583764 0.014845 0.007239
1 0.606613 0.584798 0.006748 0.013444
1 0.391363 0.577559 0.010796 0.005171
1 0.080972 0.573940 0.005398 0.006205
1 0.113360 0.593071 0.016194 0.046536
1 0.431174 0.543950 0.063428 0.008273
1 0.457490 0.536711 0.010796 0.004137
1 0.609987 0.497932 0.016194 0.007239
1 0.512821 0.497932 0.016194 0.007239
1 0.405533 0.497932 0.014845 0.007239
1 0.305668 0.497932 0.014845 0.007239
1 0.335358 0.482420 0.052632 0.011375
1 0.491228 0.512927 0.844804 0.072389
1 0.889339 0.439504 0.010796 0.008273
1 0.604588 0.439504 0.010796 0.008273
1 0.575574 0.439504 0.012146 0.008273
1 0.346829 0.439504 0.010796 0.008273
1 0.318489 0.439504 0.010796 0.008273
1 0.290148 0.439504 0.010796 0.008273
1 0.261808 0.439504 0.010796 0.008273
1 0.217949 0.439504 0.012146 0.008273
1 0.189609 0.439504 0.012146 0.008273
1 0.161269 0.439504 0.012146 0.008273
1 0.132928 0.439504 0.012146 0.008273
1 0.890013 0.427094 0.012146 0.008273
1 0.604588 0.426577 0.010796 0.007239
1 0.346829 0.427094 0.010796 0.008273
1 0.290148 0.427094 0.010796 0.008273
1 0.217949 0.427094 0.012146 0.008273
1 0.161269 0.427094 0.012146 0.008273
1 0.085020 0.429679 0.005398 0.013444
1 0.078273 0.429679 0.005398 0.013444
1 0.093117 0.430196 0.005398 0.026887
1 0.889339 0.411065 0.016194 0.007239
1 0.604588 0.411065 0.016194 0.007239
1 0.574899 0.411065 0.016194 0.007239
1 0.346154 0.411065 0.014845 0.007239
1 0.317814 0.411065 0.014845 0.007239
1 0.289474 0.411065 0.014845 0.007239
1 0.261134 0.411065 0.014845 0.007239
1 0.217274 0.411065 0.016194 0.007239
1 0.188934 0.411065 0.016194 0.007239
1 0.160594 0.411065 0.016194 0.007239
1 0.132254 0.411065 0.016194 0.007239
1 0.860999 0.420372 0.016194 0.046536
1 0.832659 0.420372 0.016194 0.046536
1 0.804318 0.420372 0.016194 0.046536
1 0.761134 0.420372 0.016194 0.046536
1 0.732794 0.420372 0.016194 0.046536
1 0.704453 0.420372 0.016194 0.046536
1 0.676113 0.420372 0.016194 0.046536
1 0.546559 0.420372 0.016194 0.046536
1 0.518219 0.420372 0.016194 0.046536
1 0.475034 0.420372 0.016194 0.046536
1 0.446694 0.420372 0.016194 0.046536
1 0.418354 0.420372 0.016194 0.046536
1 0.390013 0.420372 0.016194 0.046536
1 0.626181 0.410548 0.035088 0.039297
1 0.770580 0.370217 0.053981 0.004137
2 0.491228 0.341262 0.844804 0.062048
2 0.800945 0.309721 0.009447 0.005171
2 0.775304 0.309721 0.009447 0.005171
2 0.749663 0.308687 0.009447 0.007239
2 0.713225 0.308687 0.009447 0.007239
2 0.687584 0.308687 0.009447 0.007239
2 0.662618 0.308687 0.010796 0.007239
2 0.637652 0.308687 0.009447 0.007239
2 0.734818 0.278697 0.036437 0.019648
2 0.859649 0.266805 0.010796 0.008273
2 0.721323 0.266805 0.012146 0.008273
2 0.630904 0.266805 0.012146 0.008273
2 0.593792 0.266805 0.010796 0.008273
2 0.503374 0.266805 0.010796 0.008273
2 0.429825 0.266805 0.012146 0.008273
2 0.392713 0.266805 0.010796 0.008273
2 0.340756 0.266805 0.012146 0.008273
2 0.271255 0.266805 0.010796 0.008273
2 0.183536 0.255946 0.008097 0.007239
2 0.111336 0.258014 0.006748 0.015512
2 0.085020 0.256980 0.005398 0.013444
2 0.078273 0.256980 0.005398 0.013444
2 0.135628 0.257497 0.006748 0.016546
2 0.158570 0.256980 0.006748 0.017580
2 0.877193 0.263702 0.045884 0.049638
2 0.860324 0.242503 0.012146 0.007239
2 0.838731 0.241986 0.012146 0.006205
2 0.825236 0.242503 0.012146 0.007239
2 0.820513 0.263702 0.029690 0.049638
2 0.780027 0.262151 0.032389 0.046536
2 0.756410 0.242503 0.012146 0.007239
2 0.742915 0.242503 0.012146 0.007239
2 0.721323 0.242503 0.012146 0.007239
2 0.686235 0.242503 0.012146 0.007239
2 0.654521 0.262151 0.056680 0.046536
2 0.630904 0.242503 0.012146 0.007239
2 0.594467 0.242503 0.012146 0.007239
2 0.575574 0.242503 0.012146 0.007239
2 0.585020 0.262151 0.066127 0.046536
2 0.504049 0.242503 0.012146 0.007239
2 0.485155 0.242503 0.012146 0.007239
2 0.494602 0.262151 0.066127 0.046536
2 0.448718 0.242503 0.012146 0.007239
2 0.429825 0.242503 0.012146 0.007239
2 0.415655 0.262151 0.056680 0.046536
2 0.393387 0.242503 0.012146 0.007239
2 0.358300 0.242503 0.012146 0.007239
2 0.340756 0.242503 0.012146 0.007239
2 0.327260 0.262151 0.052632 0.046536
2 0.280027 0.262151 0.028340 0.046536
2 0.271930 0.242503 0.012146 0.007239
2 0.860324 0.232161 0.012146 0.005171
2 0.838731 0.232161 0.012146 0.005171
2 0.790823 0.232161 0.010796 0.005171
2 0.244265 0.248707 0.010796 0.044467
2 0.078947 0.229059 0.006748 0.007239
2 0.203779 0.233713 0.018893 0.022751
2 0.199055 0.206308 0.009447 0.007239
2 0.512146 0.171148 0.802969 0.025853
2 0.537787 0.148914 0.009447 0.012410
2 0.526316 0.148914 0.010796 0.012410
2 0.197706 0.140641 0.009447 0.010341
2 0.185560 0.140641 0.009447 0.010341
2 0.174764 0.140641 0.006748 0.010341
2 0.140351 0.139607 0.008097 0.016546
2 0.910256 0.112203 0.006748 0.005171
2 0.895412 0.111686 0.006748 0.006205
2 0.887314 0.111686 0.006748 0.006205
2 0.850877 0.111686 0.012146 0.006205
2 0.829960 0.111686 0.005398 0.006205
2 0.878543 0.110134 0.008097 0.009307
2 0.869096 0.109100 0.008097 0.007239
2 0.823212 0.109617 0.005398 0.008273
2 0.817814 0.110134 0.005398 0.009307
2 0.561404 0.099793 0.013495 0.013444
2 0.548583 0.098242 0.012146 0.010341
2 0.496626 0.098242 0.013495 0.010341
2 0.437247 0.098242 0.013495 0.010341
2 0.510796 0.096174 0.009447 0.014478
2 0.531714 0.095140 0.016194 0.014478
2 0.478408 0.095657 0.017544 0.015512
2 0.456140 0.095140 0.005398 0.014478
2 0.448043 0.095140 0.005398 0.014478
2 0.421053 0.095140 0.016194 0.014478
2 0.635628 0.065667 0.013495 0.013444
2 0.618758 0.065667 0.014845 0.013444
2 0.594467 0.065667 0.031039 0.013444
2 0.479082 0.065667 0.016194 0.013444
2 0.439946 0.065667 0.013495 0.013444
2 0.398785 0.065667 0.020243 0.013444
2 0.504049 0.063599 0.012146 0.017580
2 0.560054 0.062565 0.032389 0.019648
2 0.352901 0.062565 0.022942 0.019648
2 0.522267 0.062048 0.021592 0.020683
2 0.466937 0.062048 0.013495 0.020683
2 0.420378 0.062048 0.020243 0.020683
2 0.376518 0.062048 0.021592 0.020683