0 0.838057 0.880952 0.010796 0.008282
0 0.776653 0.880435 0.012146 0.007246
0 0.590418 0.880952 0.012146 0.008282
0 0.420378 0.880952 0.012146 0.008282
0 0.223347 0.880435 0.012146 0.007246
0 0.891363 0.870600 0.009447 0.008282
0 0.471660 0.871118 0.009447 0.009317
1 0.873819 0.868012 0.012146 0.007246
0 0.082321 0.871118 0.005398 0.013458
0 0.075574 0.871118 0.005398 0.013458
1 0.070175 0.843168 0.005398 0.007246
1 0.882591 0.845756 0.010796 0.016563
1 0.489204 0.869565 0.843455 0.066253
1 0.456815 0.835404 0.014845 0.004141
1 0.321188 0.825052 0.010796 0.004141
1 0.873819 0.820393 0.009447 0.007246
1 0.472335 0.816253 0.008097 0.005176
1 0.894737 0.815735 0.008097 0.006211
1 0.458165 0.815735 0.009447 0.008282
1 0.849528 0.804865 0.014845 0.011387
1 0.846829 0.788820 0.012146 0.008282
1 0.709177 0.780538 0.012146 0.012422
1 0.532389 0.782091 0.012146 0.015528
1 0.070175 0.751035 0.005398 0.007246
1 0.489204 0.773292 0.843455 0.064182
1 0.711201 0.723602 0.008097 0.006211
1 0.786775 0.670807 0.013495 0.012422
1 0.488529 0.691511 0.844804 0.066253
1 0.628205 0.637681 0.006748 0.006211
1 0.860324 0.630952 0.014845 0.011387
1 0.078273 0.576605 0.005398 0.006211
1 0.070850 0.576605 0.006748 0.006211
1 0.656545 0.572464 0.017544 0.004141
1 0.488529 0.601967 0.844804 0.069358
1 0.609312 0.557453 0.009447 0.007246
1 0.746964 0.549689 0.006748 0.006211
1 0.212551 0.549689 0.006748 0.006211
1 0.732119 0.548137 0.009447 0.005176
1 0.199055 0.549172 0.009447 0.007246
1 0.618758 0.540890 0.014845 0.011387
1 0.856950 0.525362 0.010796 0.007246
1 0.616734 0.525362 0.010796 0.007246
1 0.741565 0.524845 0.012146 0.008282
1 0.380567 0.524845 0.010796 0.008282
1 0.308367 0.524845 0.012146 0.008282
1 0.158570 0.524845 0.012146 0.008282
1 0.485155 0.515010 0.009447 0.009317
1 0.891363 0.511905 0.012146 0.007246
1 0.654521 0.511905 0.010796 0.007246
1 0.629555 0.512422 0.012146 0.008282
1 0.606613 0.511905 0.014845 0.007246
1 0.580972 0.511905 0.012146 0.007246
1 0.459514 0.511905 0.012146 0.007246
1 0.413630 0.511905 0.012146 0.007246
1 0.308367 0.512422 0.012146 0.008282
1 0.295547 0.511905 0.010796 0.007246
1 0.282726 0.511905 0.012146 0.007246
1 0.270580 0.511905 0.012146 0.007246
1 0.082321 0.515010 0.005398 0.013458
1 0.075574 0.515010 0.005398 0.013458
1 0.342780 0.513975 0.008097 0.017598
2 0.604588 0.488095 0.010796 0.005176
2 0.077598 0.487060 0.006748 0.007246
2 0.070850 0.487060 0.006748 0.007246
2 0.287449 0.487578 0.026991 0.010352
1 0.700405 0.513458 0.421053 0.066253
2 0.597166 0.481366 0.025641 0.008282
2 0.469636 0.479296 0.013495 0.004141
1 0.278003 0.507764 0.421053 0.067288
2 0.891363 0.467391 0.009447 0.007246
2 0.485830 0.460145 0.008097 0.005176
2 0.471660 0.460145 0.009447 0.007246
2 0.288124 0.396480 0.014845 0.004141
2 0.488529 0.425983 0.844804 0.069358
2 0.591768 0.381470 0.009447 0.007246
2 0.738866 0.373706 0.006748 0.006211
2 0.220648 0.373706 0.006748 0.006211
2 0.724696 0.373188 0.010796 0.007246
2 0.570850 0.368012 0.013495 0.011387
2 0.581646 0.340062 0.010796 0.007246
2 0.827935 0.339545 0.012146 0.008282
2 0.784750 0.339545 0.012146 0.008282
2 0.668691 0.339545 0.012146 0.008282
2 0.604588 0.339545 0.010796 0.008282
2 0.545884 0.339545 0.012146 0.008282
2 0.466262 0.339545 0.012146 0.008282
2 0.428475 0.339545 0.012146 0.008282
2 0.311066 0.339545 0.012146 0.008282
2 0.138327 0.339545 0.012146 0.008282
2 0.766532 0.327122 0.010796 0.006211
2 0.690283 0.327640 0.012146 0.007246
2 0.604588 0.327640 0.010796 0.007246
2 0.569501 0.327640 0.010796 0.007246
2 0.545884 0.327640 0.012146 0.007246
2 0.434548 0.327640 0.024291 0.007246
2 0.347503 0.327640 0.012146 0.007246
2 0.311066 0.327640 0.012146 0.007246
2 0.159244 0.327640 0.010796 0.007246
2 0.784750 0.327122 0.012146 0.008282
2 0.668691 0.327122 0.012146 0.008282
2 0.527665 0.326605 0.010796 0.007246
2 0.137652 0.327122 0.010796 0.008282
2 0.474359 0.327640 0.009447 0.019669
2 0.712551 0.327640 0.010796 0.032091
2 0.381916 0.327640 0.010796 0.032091
2 0.253036 0.327640 0.012146 0.032091
2 0.182186 0.327640 0.010796 0.032091
2 0.360999 0.319358 0.017544 0.021739
2 0.489204 0.341615 0.843455 0.066253
2 0.810391 0.322981 0.044534 0.041408
2 0.311066 0.295031 0.009447 0.008282
2 0.454791 0.287267 0.008097 0.005176
2 0.440621 0.287267 0.009447 0.007246
2 0.871120 0.266046 0.012146 0.008282
2 0.825236 0.265528 0.012146 0.007246
2 0.541161 0.265528 0.010796 0.007246
2 0.183536 0.266046 0.010796 0.008282
2 0.130229 0.265528 0.012146 0.007246
2 0.231444 0.257764 0.012146 0.012422
2 0.851552 0.253106 0.010796 0.007246
2 0.781377 0.253106 0.010796 0.007246
2 0.743590 0.253106 0.010796 0.007246
2 0.162618 0.253106 0.012146 0.007246
2 0.082321 0.256211 0.005398 0.013458
2 0.075574 0.256211 0.005398 0.013458
2 0.142375 0.223602 0.017544 0.004141
2 0.489204 0.253106 0.843455 0.069358
2 0.630904 0.208592 0.009447 0.007246
2 0.769231 0.200828 0.008097 0.006211
2 0.233468 0.200828 0.008097 0.006211
2 0.755061 0.200828 0.009447 0.008282
2 0.509447 0.162526 0.802969 0.041408
2 0.337382 0.148033 0.010796 0.012422
2 0.183536 0.139752 0.010796 0.010352
2 0.172065 0.139752 0.009447 0.010352
2 0.137652 0.138716 0.008097 0.016563
2 0.907557 0.111284 0.006748 0.005176
2 0.892713 0.110766 0.006748 0.006211
2 0.884615 0.110766 0.006748 0.006211
2 0.848178 0.110766 0.012146 0.006211
2 0.827260 0.110766 0.005398 0.006211
2 0.875843 0.109213 0.008097 0.009317
2 0.866397 0.108178 0.008097 0.007246
2 0.820513 0.108696 0.005398 0.008282
2 0.815115 0.109213 0.005398 0.009317
2 0.701754 0.096791 0.013495 0.009317
2 0.686910 0.097308 0.010796 0.010352
2 0.673414 0.096791 0.010796 0.009317
2 0.661269 0.096791 0.013495 0.009317
2 0.649798 0.096791 0.006748 0.009317
2 0.607287 0.096791 0.010796 0.009317
2 0.593792 0.097308 0.013495 0.010352
2 0.580972 0.096791 0.009447 0.009317
2 0.567476 0.096791 0.012146 0.009317
2 0.553981 0.097308 0.012146 0.010352
2 0.506073 0.096791 0.010796 0.009317
2 0.494602 0.096791 0.006748 0.009317
2 0.482456 0.096791 0.014845 0.009317
2 0.467611 0.097308 0.012146 0.010352
2 0.421053 0.096791 0.010796 0.009317
2 0.408232 0.096791 0.012146 0.009317
2 0.380567 0.096791 0.010796 0.009317
2 0.369771 0.096791 0.005398 0.009317
2 0.331309 0.096791 0.014845 0.009317
2 0.318489 0.096791 0.005398 0.009317
2 0.298920 0.096791 0.009447 0.009317
2 0.284076 0.097308 0.014845 0.010352
2 0.309717 0.095756 0.009447 0.013458
2 0.635628 0.094720 0.018893 0.015528
2 0.537112 0.094203 0.016194 0.014493
2 0.515520 0.094203 0.005398 0.014493
2 0.449393 0.094203 0.018893 0.014493
2 0.394062 0.094720 0.013495 0.015528
2 0.355601 0.094203 0.017544 0.014493
2 0.268556 0.094720 0.013495 0.015528
2 0.546559 0.064700 0.013495 0.013458
2 0.529690 0.065217 0.014845 0.014493
2 0.490553 0.064700 0.014845 0.013458
2 0.473009 0.065217 0.017544 0.014493
2 0.453441 0.065217 0.016194 0.014493
2 0.433198 0.061594 0.021592 0.019669
2 0.509447 0.061077 0.020243 0.020704