0 0.857143 0.900000 0.010989 0.008247
0 0.524038 0.900000 0.012363 0.008247
0 0.339286 0.900000 0.010989 0.008247
0 0.894231 0.887113 0.010989 0.007216
0 0.819368 0.887113 0.012363 0.007216
0 0.728022 0.887113 0.010989 0.007216
0 0.653159 0.887113 0.012363 0.007216
0 0.561813 0.887113 0.010989 0.007216
0 0.394918 0.887113 0.012363 0.007216
0 0.228709 0.887113 0.012363 0.007216
0 0.087912 0.890206 0.005495 0.013402
0 0.081044 0.890206 0.005495 0.013402
1 0.893544 0.875258 0.012363 0.008247
1 0.856456 0.874742 0.012363 0.007216
1 0.819368 0.875258 0.012363 0.008247
1 0.228709 0.875258 0.012363 0.008247
1 0.172390 0.874742 0.012363 0.007216
1 0.135302 0.874742 0.012363 0.007216
1 0.075549 0.861856 0.005495 0.006186
1 0.888736 0.867010 0.057692 0.022680
1 0.809753 0.879897 0.067308 0.048454
1 0.514423 0.879897 0.473901 0.048454
1 0.219093 0.879897 0.067308 0.048454
1 0.144231 0.879897 0.068681 0.048454
1 0.195055 0.843299 0.008242 0.006186
1 0.184753 0.843299 0.009615 0.006186
1 0.174451 0.843299 0.008242 0.006186
1 0.164148 0.844845 0.009615 0.009278
1 0.120879 0.843299 0.008242 0.006186
1 0.238324 0.841753 0.012363 0.009278
1 0.223901 0.841753 0.013736 0.009278
1 0.205357 0.841753 0.009615 0.009278
1 0.151099 0.841753 0.013736 0.009278
1 0.135302 0.841753 0.006868 0.009278
1 0.108516 0.841753 0.013736 0.009278
1 0.083791 0.781959 0.005495 0.007216
1 0.501374 0.800000 0.859890 0.047423
1 0.882555 0.763402 0.009615 0.007216
1 0.893544 0.715979 0.012363 0.007216
1 0.856456 0.715979 0.012363 0.007216
1 0.819368 0.715979 0.012363 0.007216
1 0.727335 0.715979 0.012363 0.007216
1 0.689560 0.715979 0.010989 0.007216
1 0.561126 0.715979 0.012363 0.007216
1 0.524038 0.715979 0.012363 0.007216
1 0.394918 0.715979 0.012363 0.007216
1 0.357143 0.715979 0.010989 0.007216
1 0.339286 0.715979 0.010989 0.007216
1 0.228709 0.715979 0.012363 0.007216
1 0.172390 0.715979 0.012363 0.007216
1 0.083791 0.702577 0.005495 0.007216
1 0.888736 0.708247 0.057692 0.022680
1 0.556319 0.708247 0.057692 0.022680
1 0.501374 0.720619 0.859890 0.047423
1 0.087912 0.652062 0.005495 0.013402
1 0.081044 0.652062 0.005495 0.013402
1 0.906593 0.648454 0.010989 0.008247
1 0.662775 0.648454 0.012363 0.008247
1 0.401099 0.648454 0.010989 0.008247
1 0.155220 0.648454 0.010989 0.008247
1 0.905907 0.636598 0.012363 0.007216
1 0.662775 0.636598 0.012363 0.007216
1 0.643544 0.636082 0.012363 0.006186
1 0.588599 0.636082 0.012363 0.006186
1 0.455357 0.636598 0.012363 0.007216
1 0.400412 0.636598 0.012363 0.007216
1 0.381181 0.636082 0.012363 0.006186
1 0.192308 0.636082 0.010989 0.006186
1 0.173764 0.636598 0.012363 0.007216
1 0.154533 0.636598 0.012363 0.007216
1 0.868132 0.635567 0.010989 0.007216
1 0.681319 0.635567 0.010989 0.007216
1 0.624313 0.636082 0.012363 0.008247
1 0.473901 0.635567 0.010989 0.007216
1 0.418956 0.635567 0.010989 0.007216
1 0.361951 0.636082 0.012363 0.008247
1 0.212225 0.636082 0.012363 0.008247
1 0.083791 0.623196 0.005495 0.005155
1 0.076236 0.623196 0.006868 0.007216
1 0.695055 0.641237 0.472527 0.047423
1 0.225962 0.635052 0.059066 0.035052
1 0.287088 0.641237 0.428571 0.047423
1 0.905907 0.604124 0.009615 0.008247
1 0.855082 0.580928 0.012363 0.007216
1 0.778846 0.580928 0.010989 0.007216
1 0.704670 0.580928 0.010989 0.007216
1 0.666209 0.580928 0.010989 0.007216
1 0.335852 0.580928 0.012363 0.007216
1 0.287088 0.580928 0.010989 0.007216
1 0.193681 0.580928 0.010989 0.007216
1 0.893544 0.568557 0.012363 0.007216
1 0.816621 0.568557 0.012363 0.007216
1 0.232143 0.568557 0.010989 0.007216
1 0.087912 0.571649 0.005495 0.013402
1 0.081044 0.571649 0.005495 0.013402
1 0.083104 0.543814 0.006868 0.007216
1 0.076236 0.543814 0.006868 0.007216
1 0.811126 0.539175 0.059066 0.004124
1 0.719093 0.539175 0.059066 0.004124
1 0.717033 0.560825 0.428571 0.047423
1 0.227335 0.539175 0.059066 0.004124
1 0.287088 0.560825 0.428571 0.047423
1 0.394918 0.524227 0.009615 0.007216
2 0.082418 0.463402 0.005495 0.005155
2 0.501374 0.481443 0.859890 0.047423
2 0.893544 0.397423 0.012363 0.007216
2 0.873626 0.397423 0.010989 0.007216
2 0.855769 0.397423 0.010989 0.007216
2 0.836538 0.397423 0.010989 0.007216
2 0.718407 0.397423 0.010989 0.007216
2 0.680632 0.397423 0.012363 0.007216
2 0.642857 0.397423 0.010989 0.007216
2 0.625000 0.397423 0.010989 0.007216
2 0.589286 0.397423 0.010989 0.007216
2 0.473901 0.397423 0.010989 0.007216
2 0.455357 0.397423 0.012363 0.007216
2 0.418956 0.397423 0.010989 0.007216
2 0.400412 0.397423 0.012363 0.007216
2 0.381868 0.397423 0.010989 0.007216
2 0.362637 0.397423 0.010989 0.007216
2 0.211538 0.397423 0.010989 0.007216
2 0.192995 0.397423 0.012363 0.007216
2 0.174451 0.397423 0.010989 0.007216
2 0.155220 0.397423 0.010989 0.007216
2 0.082418 0.384021 0.005495 0.007216
2 0.888736 0.389691 0.057692 0.022680
2 0.708791 0.389691 0.030220 0.022680
2 0.501374 0.402062 0.859890 0.047423
2 0.690247 0.342268 0.012363 0.008247
2 0.357830 0.342268 0.012363 0.008247
2 0.173077 0.342268 0.010989 0.008247
2 0.087912 0.333505 0.005495 0.013402
2 0.081044 0.333505 0.005495 0.013402
2 0.894231 0.329381 0.010989 0.007216
2 0.819368 0.329897 0.012363 0.008247
2 0.728022 0.329897 0.010989 0.008247
2 0.652473 0.329897 0.010989 0.008247
2 0.561813 0.329897 0.010989 0.008247
2 0.394918 0.329897 0.012363 0.008247
2 0.228709 0.329897 0.012363 0.008247
2 0.173077 0.320619 0.010989 0.006186
2 0.135302 0.320619 0.009615 0.006186
2 0.228709 0.320103 0.012363 0.007216
2 0.893544 0.318041 0.012363 0.007216
2 0.856456 0.317526 0.012363 0.006186
2 0.727335 0.318041 0.012363 0.007216
2 0.690247 0.318041 0.012363 0.007216
2 0.561126 0.318041 0.012363 0.007216
2 0.467720 0.317526 0.012363 0.006186
2 0.301511 0.317526 0.012363 0.006186
2 0.819368 0.317526 0.012363 0.008247
2 0.653159 0.317526 0.012363 0.008247
2 0.633929 0.317010 0.012363 0.007216
2 0.523352 0.317010 0.010989 0.007216
2 0.394918 0.317526 0.012363 0.008247
2 0.357830 0.317526 0.012363 0.008247
2 0.338599 0.317010 0.012363 0.007216
2 0.075549 0.304124 0.005495 0.006186
2 0.219093 0.323196 0.067308 0.046392
2 0.144918 0.323196 0.067308 0.046392
2 0.888736 0.322680 0.057692 0.047423
2 0.809753 0.322680 0.067308 0.047423
2 0.722527 0.309794 0.057692 0.021649
2 0.643544 0.322680 0.067308 0.047423
2 0.556319 0.322680 0.057692 0.047423
2 0.477335 0.322680 0.067308 0.047423
2 0.390110 0.309794 0.057692 0.021649
2 0.311126 0.322680 0.067308 0.047423
2 0.857143 0.262371 0.010989 0.007216
2 0.524038 0.262371 0.012363 0.007216
2 0.339286 0.262371 0.010989 0.007216
2 0.502060 0.243299 0.858516 0.045361
2 0.522665 0.169588 0.817308 0.034021
2 0.201923 0.143299 0.010989 0.010309
2 0.190934 0.143299 0.010989 0.010309
2 0.179258 0.143299 0.006868 0.010309
2 0.144231 0.142268 0.008242 0.016495
2 0.927885 0.114948 0.006868 0.005155
2 0.912775 0.114433 0.006868 0.006186
2 0.904533 0.114433 0.006868 0.006186
2 0.867445 0.114433 0.012363 0.006186
2 0.846154 0.114433 0.005495 0.006186
2 0.895604 0.112887 0.008242 0.009278
2 0.885989 0.111856 0.008242 0.007216
2 0.839286 0.112371 0.005495 0.008247
2 0.833791 0.112887 0.005495 0.009278
2 0.511676 0.103093 0.006868 0.006186
2 0.576236 0.100515 0.009615 0.009278
2 0.562500 0.100515 0.012363 0.009278
2 0.541209 0.102577 0.013736 0.013402
2 0.491758 0.102577 0.013736 0.013402
2 0.478022 0.100515 0.010989 0.009278
2 0.465659 0.100515 0.010989 0.009278
2 0.451923 0.101031 0.013736 0.010309
2 0.528159 0.099485 0.009615 0.013402
2 0.551511 0.097938 0.006868 0.014433
2 0.515110 0.097938 0.013736 0.014433
2 0.433379 0.097938 0.020604 0.014433
2 0.575549 0.068557 0.013736 0.013402
2 0.557005 0.068557 0.017857 0.013402
2 0.454670 0.068557 0.013736 0.013402
2 0.495879 0.065979 0.013736 0.018557
2 0.531593 0.064948 0.035714 0.020619
2 0.480082 0.064948 0.012363 0.020619
2 0.431319 0.064948 0.027473 0.020619