0 0.891608 0.900621 0.012587 0.008282
0 0.773427 0.900621 0.011189 0.008282
0 0.709790 0.900621 0.012587 0.008282
0 0.641259 0.900621 0.012587 0.008282
0 0.476923 0.900621 0.011189 0.008282
0 0.412587 0.900621 0.011189 0.008282
0 0.344056 0.900621 0.011189 0.008282
0 0.262937 0.900621 0.011189 0.008282
0 0.194406 0.900621 0.011189 0.008282
0 0.913287 0.891822 0.005594 0.011387
0 0.877622 0.890269 0.009790 0.008282
0 0.774126 0.888199 0.012587 0.008282
0 0.741958 0.887681 0.012587 0.007246
0 0.509091 0.887681 0.011189 0.007246
0 0.476224 0.888199 0.012587 0.008282
0 0.444755 0.887681 0.011189 0.007246
0 0.085315 0.890787 0.005594 0.013458
0 0.078322 0.890787 0.005594 0.013458
1 0.891608 0.875259 0.012587 0.007246
1 0.821678 0.875259 0.012587 0.007246
1 0.774126 0.875776 0.012587 0.008282
1 0.263636 0.875776 0.012587 0.008282
1 0.195105 0.875776 0.012587 0.008282
1 0.162937 0.875259 0.012587 0.007246
1 0.130769 0.875259 0.012587 0.007246
1 0.925175 0.882505 0.012587 0.044513
1 0.858042 0.882505 0.012587 0.044513
1 0.072727 0.862319 0.005594 0.006211
1 0.802797 0.880435 0.050350 0.048654
1 0.534266 0.880435 0.458741 0.048654
1 0.292308 0.873706 0.050350 0.035197
1 0.202098 0.880435 0.060140 0.048654
1 0.137762 0.880435 0.060140 0.048654
1 0.907692 0.843685 0.008392 0.006211
1 0.925175 0.843168 0.009790 0.007246
1 0.891608 0.843168 0.009790 0.007246
1 0.874825 0.843168 0.006993 0.007246
1 0.858042 0.843168 0.009790 0.007246
1 0.072727 0.782609 0.005594 0.006211
1 0.506294 0.800207 0.875524 0.047619
1 0.906993 0.715839 0.012587 0.007246
1 0.853846 0.715839 0.012587 0.007246
1 0.800699 0.715839 0.012587 0.007246
1 0.763636 0.715839 0.011189 0.007246
1 0.711189 0.715839 0.012587 0.007246
1 0.693706 0.715839 0.011189 0.007246
1 0.657343 0.715839 0.011189 0.007246
1 0.640559 0.715839 0.011189 0.007246
1 0.603497 0.715839 0.012587 0.007246
1 0.568531 0.715839 0.012587 0.007246
1 0.550350 0.715839 0.012587 0.007246
1 0.388811 0.715839 0.011189 0.007246
1 0.369930 0.715839 0.012587 0.007246
1 0.351748 0.715839 0.012587 0.007246
1 0.333566 0.715839 0.012587 0.007246
1 0.315385 0.712215 0.015385 0.006211
1 0.506294 0.720497 0.875524 0.047619
1 0.347552 0.694617 0.057343 0.004141
1 0.085315 0.651656 0.005594 0.013458
1 0.078322 0.651656 0.005594 0.013458
1 0.906294 0.648033 0.011189 0.008282
1 0.830070 0.648033 0.012587 0.008282
1 0.737063 0.648033 0.011189 0.008282
1 0.660140 0.648033 0.011189 0.008282
1 0.567832 0.648033 0.011189 0.008282
1 0.397902 0.648033 0.012587 0.008282
1 0.228671 0.648033 0.012587 0.008282
1 0.905594 0.636128 0.012587 0.007246
1 0.867832 0.636128 0.012587 0.007246
1 0.736364 0.636128 0.012587 0.007246
1 0.698601 0.636128 0.012587 0.007246
1 0.567133 0.636128 0.012587 0.007246
1 0.472028 0.635611 0.012587 0.006211
1 0.302797 0.635611 0.012587 0.006211
1 0.171329 0.635611 0.012587 0.006211
1 0.132867 0.635611 0.011189 0.006211
1 0.830070 0.635611 0.012587 0.008282
1 0.660839 0.635611 0.012587 0.008282
1 0.641259 0.635093 0.012587 0.007246
1 0.529371 0.635611 0.012587 0.008282
1 0.397902 0.635611 0.012587 0.008282
1 0.360140 0.635611 0.012587 0.008282
1 0.340559 0.635611 0.012587 0.008282
1 0.228671 0.635611 0.012587 0.008282
1 0.072028 0.622671 0.006993 0.007246
1 0.725874 0.640787 0.436364 0.047619
1 0.293007 0.640787 0.446154 0.047619
1 0.868531 0.580228 0.011189 0.007246
1 0.698601 0.580228 0.012587 0.007246
1 0.529371 0.580228 0.012587 0.007246
1 0.360140 0.580228 0.012587 0.007246
1 0.906294 0.567805 0.011189 0.007246
1 0.867832 0.567805 0.012587 0.007246
1 0.830070 0.567805 0.012587 0.007246
1 0.228671 0.567805 0.012587 0.007246
1 0.085315 0.570911 0.005594 0.013458
1 0.078322 0.570911 0.005594 0.013458
1 0.081119 0.543996 0.005594 0.005176
1 0.073427 0.542961 0.006993 0.007246
1 0.506993 0.560041 0.874126 0.047619
2 0.073427 0.463251 0.006993 0.005176
2 0.506294 0.478261 0.875524 0.051760
2 0.863636 0.406832 0.012587 0.004141
2 0.702098 0.406832 0.011189 0.004141
2 0.595804 0.395963 0.011189 0.007246
2 0.502098 0.395963 0.011189 0.007246
2 0.469930 0.395963 0.011189 0.007246
2 0.408392 0.395963 0.011189 0.007246
2 0.376923 0.395963 0.012587 0.007246
2 0.177622 0.395963 0.011189 0.007246
2 0.506294 0.400621 0.875524 0.047619
2 0.867832 0.340580 0.012587 0.008282
2 0.698601 0.340580 0.012587 0.008282
2 0.529371 0.340580 0.012587 0.008282
2 0.360140 0.340580 0.012587 0.008282
2 0.172028 0.340580 0.011189 0.008282
2 0.085315 0.331781 0.005594 0.013458
2 0.078322 0.331781 0.005594 0.013458
2 0.906294 0.327640 0.011189 0.007246
2 0.867832 0.328157 0.012587 0.008282
2 0.830070 0.328157 0.012587 0.008282
2 0.737063 0.328157 0.011189 0.008282
2 0.698601 0.328157 0.012587 0.008282
2 0.660140 0.328157 0.011189 0.008282
2 0.567832 0.328157 0.011189 0.008282
2 0.529371 0.328157 0.012587 0.008282
2 0.397902 0.328157 0.012587 0.008282
2 0.359441 0.328157 0.011189 0.008282
2 0.228671 0.328157 0.012587 0.008282
2 0.905594 0.316253 0.012587 0.007246
2 0.867832 0.316253 0.012587 0.007246
2 0.736364 0.316253 0.012587 0.007246
2 0.698601 0.316253 0.012587 0.007246
2 0.567133 0.316253 0.012587 0.007246
2 0.472028 0.315735 0.012587 0.006211
2 0.302797 0.315735 0.012587 0.006211
2 0.171329 0.316253 0.012587 0.007246
2 0.133566 0.315735 0.012587 0.006211
2 0.830070 0.315735 0.012587 0.008282
2 0.660839 0.315735 0.012587 0.008282
2 0.641259 0.315217 0.012587 0.007246
2 0.529371 0.315735 0.012587 0.008282
2 0.397902 0.315735 0.012587 0.008282
2 0.360140 0.315735 0.012587 0.008282
2 0.340559 0.315217 0.012587 0.007246
2 0.228671 0.315735 0.012587 0.008282
2 0.900699 0.320911 0.058741 0.047619
2 0.820280 0.320911 0.068531 0.047619
2 0.731469 0.320911 0.058741 0.047619
2 0.651049 0.320911 0.068531 0.047619
2 0.562238 0.320911 0.058741 0.047619
2 0.481818 0.320911 0.068531 0.047619
2 0.393007 0.320911 0.058741 0.047619
2 0.312587 0.320911 0.068531 0.047619
2 0.218881 0.320911 0.068531 0.047619
2 0.143357 0.320911 0.068531 0.047619
2 0.868531 0.260352 0.011189 0.007246
2 0.698601 0.260352 0.012587 0.007246
2 0.529371 0.260352 0.012587 0.007246
2 0.360140 0.260352 0.012587 0.007246
2 0.341259 0.260352 0.011189 0.007246
2 0.506993 0.240166 0.874126 0.047619
2 0.173427 0.202381 0.025175 0.011387
2 0.633566 0.196687 0.016783 0.016563
2 0.527972 0.165114 0.832168 0.056936
2 0.178322 0.134576 0.006993 0.010352
2 0.201399 0.134058 0.011189 0.011387
2 0.189510 0.134058 0.009790 0.011387
2 0.142657 0.133023 0.008392 0.015528
2 0.940559 0.112319 0.006993 0.005176
2 0.925175 0.111801 0.006993 0.006211
2 0.916783 0.111801 0.006993 0.006211
2 0.879021 0.111801 0.012587 0.006211
2 0.857343 0.111801 0.005594 0.006211
2 0.907692 0.110248 0.008392 0.009317
2 0.897902 0.109213 0.008392 0.007246
2 0.850350 0.109731 0.005594 0.008282
2 0.844755 0.110248 0.005594 0.009317
2 0.574126 0.099896 0.015385 0.013458
2 0.560839 0.098344 0.013986 0.010352
2 0.546853 0.097826 0.011189 0.009317
2 0.503497 0.097826 0.013986 0.009317
2 0.487413 0.098344 0.012587 0.010352
2 0.471329 0.097826 0.013986 0.009317
2 0.455944 0.098344 0.011189 0.010352
2 0.530070 0.095756 0.019580 0.015528
2 0.439161 0.095238 0.016783 0.014493
2 0.533566 0.066253 0.018182 0.014493
2 0.511888 0.068841 0.019580 0.019669
2 0.492308 0.066253 0.016783 0.014493
2 0.462238 0.066253 0.015385 0.014493
2 0.551049 0.063147 0.013986 0.018634
2 0.441259 0.062629 0.023776 0.019669
2 0.569930 0.062112 0.020979 0.020704
2 0.476224 0.062112 0.009790 0.020704