0 0.384154 0.900000 0.011984 0.008247
0 0.083888 0.890206 0.005326 0.013402
0 0.077230 0.890206 0.005326 0.013402
0 0.900133 0.890722 0.005326 0.026804
1 0.806258 0.880928 0.011984 0.007216
1 0.776964 0.874742 0.011984 0.007216
1 0.179760 0.879897 0.146471 0.048454
1 0.825566 0.868557 0.087883 0.031959
1 0.520639 0.878351 0.466045 0.051546
1 0.674434 0.835567 0.006658 0.007216
1 0.719041 0.835052 0.007989 0.008247
1 0.631158 0.820619 0.010652 0.008247
1 0.366178 0.820619 0.010652 0.008247
1 0.281625 0.820619 0.011984 0.008247
1 0.264980 0.820619 0.010652 0.008247
1 0.195739 0.820619 0.010652 0.008247
1 0.681092 0.807732 0.011984 0.007216
1 0.332224 0.807732 0.011984 0.007216
1 0.179760 0.807732 0.010652 0.007216
1 0.083888 0.810825 0.005326 0.013402
1 0.077230 0.810825 0.005326 0.013402
1 0.766312 0.795876 0.011984 0.006186
1 0.630493 0.796392 0.011984 0.007216
1 0.365513 0.796392 0.011984 0.007216
1 0.314913 0.795876 0.011984 0.006186
1 0.264314 0.796392 0.011984 0.007216
1 0.229694 0.795876 0.011984 0.006186
1 0.179095 0.796392 0.011984 0.007216
1 0.128495 0.795876 0.011984 0.006186
1 0.867510 0.795361 0.011984 0.007216
1 0.816911 0.795361 0.011984 0.007216
1 0.731691 0.795361 0.011984 0.007216
1 0.681092 0.795361 0.011984 0.007216
1 0.436751 0.795361 0.010652 0.007216
1 0.416778 0.795361 0.010652 0.007216
1 0.332224 0.795876 0.011984 0.008247
1 0.281625 0.795876 0.011984 0.008247
1 0.196405 0.795876 0.011984 0.008247
1 0.145140 0.795361 0.010652 0.007216
1 0.858855 0.800515 0.061252 0.048454
1 0.796937 0.787629 0.051931 0.022680
1 0.711052 0.800515 0.053262 0.048454
1 0.639148 0.800515 0.061252 0.048454
1 0.451398 0.800515 0.061252 0.048454
1 0.361518 0.787629 0.051931 0.022680
1 0.294940 0.787629 0.051931 0.022680
1 0.209720 0.787629 0.051931 0.022680
1 0.137150 0.787629 0.061252 0.022680
1 0.553928 0.789175 0.061252 0.031959
1 0.512650 0.798969 0.042610 0.051546
1 0.516644 0.755670 0.007989 0.006186
1 0.771638 0.741237 0.011984 0.008247
1 0.752996 0.741237 0.011984 0.008247
1 0.380826 0.741237 0.010652 0.008247
1 0.221704 0.741237 0.011984 0.008247
1 0.617843 0.729897 0.007989 0.006186
1 0.083888 0.732474 0.005326 0.013402
1 0.077230 0.732474 0.005326 0.013402
1 0.511318 0.726804 0.010652 0.004124
1 0.665113 0.725773 0.011984 0.006186
1 0.587883 0.731443 0.006658 0.017526
1 0.559920 0.731443 0.006658 0.017526
1 0.723702 0.731959 0.006658 0.026804
1 0.678429 0.722165 0.011984 0.007216
1 0.476698 0.731959 0.005326 0.026804
1 0.446738 0.722165 0.011984 0.007216
1 0.420772 0.722165 0.010652 0.007216
1 0.394141 0.722165 0.010652 0.007216
1 0.790280 0.716495 0.011984 0.006186
1 0.771638 0.717010 0.011984 0.007216
1 0.432756 0.716495 0.010652 0.006186
1 0.406791 0.716495 0.011984 0.006186
1 0.221704 0.717010 0.011984 0.007216
1 0.148469 0.716495 0.011984 0.006186
1 0.808921 0.715979 0.011984 0.007216
1 0.380160 0.716495 0.011984 0.008247
1 0.274301 0.715979 0.010652 0.007216
1 0.203063 0.715979 0.011984 0.007216
1 0.752330 0.712887 0.015979 0.007216
1 0.689747 0.714948 0.039947 0.027835
1 0.071904 0.703608 0.005326 0.007216
1 0.645806 0.713918 0.023968 0.029897
1 0.431425 0.701031 0.039947 0.004124
1 0.392144 0.701031 0.014647 0.004124
1 0.856192 0.721649 0.066578 0.047423
1 0.310919 0.721649 0.065246 0.047423
1 0.212383 0.715464 0.065246 0.035052
1 0.139148 0.721649 0.065246 0.047423
1 0.431425 0.695876 0.039947 0.004124
1 0.376831 0.713402 0.045273 0.039175
1 0.785619 0.695361 0.058589 0.005155
1 0.358855 0.676804 0.009321 0.007216
1 0.380160 0.676289 0.009321 0.008247
1 0.095206 0.674742 0.006658 0.009278
1 0.840213 0.658763 0.010652 0.008247
1 0.559920 0.658763 0.011984 0.008247
1 0.537949 0.658763 0.010652 0.008247
1 0.426099 0.658763 0.010652 0.008247
1 0.352197 0.658763 0.011984 0.008247
1 0.245672 0.658763 0.011984 0.008247
1 0.083888 0.650000 0.005326 0.013402
1 0.077230 0.650000 0.005326 0.013402
1 0.627164 0.646392 0.010652 0.008247
1 0.502663 0.639691 0.011984 0.007216
1 0.472037 0.639691 0.011984 0.007216
1 0.441411 0.639691 0.011984 0.007216
1 0.839547 0.634536 0.011984 0.007216
1 0.750333 0.634021 0.011984 0.006186
1 0.626498 0.634536 0.011984 0.007216
1 0.537284 0.634536 0.011984 0.007216
1 0.245672 0.634536 0.011984 0.007216
1 0.156458 0.634021 0.011984 0.006186
1 0.861518 0.633505 0.010652 0.007216
1 0.772304 0.633505 0.010652 0.007216
1 0.648469 0.633505 0.010652 0.007216
1 0.559920 0.634021 0.011984 0.008247
1 0.425433 0.634021 0.011984 0.008247
1 0.352197 0.634021 0.011984 0.008247
1 0.302264 0.633505 0.010652 0.007216
1 0.178429 0.633505 0.010652 0.007216
1 0.438083 0.618557 0.015979 0.004124
1 0.850866 0.632990 0.077230 0.035052
1 0.761651 0.626289 0.077230 0.021649
1 0.665113 0.639175 0.067909 0.047423
1 0.575899 0.626289 0.067909 0.021649
1 0.344208 0.626289 0.075899 0.021649
1 0.234354 0.632990 0.077230 0.035052
1 0.145140 0.639175 0.077230 0.047423
1 0.480027 0.624742 0.057257 0.024742
1 0.420772 0.631443 0.050599 0.038144
1 0.425433 0.594330 0.009321 0.007216
1 0.400799 0.594330 0.010652 0.007216
1 0.083888 0.570619 0.005326 0.013402
1 0.077230 0.570619 0.005326 0.013402
1 0.442743 0.567010 0.011984 0.008247
1 0.388149 0.567010 0.011984 0.008247
1 0.370839 0.567010 0.011984 0.008247
1 0.518642 0.563918 0.011984 0.006186
1 0.464048 0.563918 0.011984 0.006186
1 0.276964 0.570619 0.415446 0.025773
1 0.532623 0.560825 0.010652 0.008247
1 0.505326 0.560825 0.011984 0.008247
1 0.693076 0.554639 0.011984 0.006186
1 0.639814 0.554639 0.011984 0.006186
1 0.797603 0.554124 0.010652 0.007216
1 0.780293 0.554124 0.010652 0.007216
1 0.762983 0.554124 0.010652 0.007216
1 0.362850 0.559794 0.062583 0.022680
1 0.293609 0.559794 0.062583 0.022680
1 0.207057 0.559794 0.062583 0.022680
1 0.137816 0.559794 0.062583 0.022680
1 0.511984 0.553093 0.051931 0.027835
1 0.464714 0.552062 0.037284 0.025773
1 0.071904 0.541753 0.005326 0.007216
1 0.793609 0.546907 0.053262 0.021649
1 0.694407 0.557216 0.416778 0.052577
1 0.868842 0.487629 0.011984 0.008247
1 0.822237 0.487629 0.011984 0.008247
1 0.806258 0.487629 0.011984 0.008247
1 0.775632 0.487629 0.011984 0.008247
1 0.741012 0.487629 0.011984 0.008247
1 0.725033 0.487629 0.011984 0.008247
1 0.678429 0.487629 0.011984 0.008247
1 0.631824 0.487629 0.011984 0.008247
1 0.408788 0.481443 0.010652 0.008247
1 0.383489 0.481443 0.010652 0.008247
1 0.395473 0.475258 0.010652 0.006186
1 0.292277 0.475773 0.011984 0.007216
1 0.274301 0.475258 0.010652 0.006186
1 0.189081 0.475258 0.010652 0.006186
1 0.142477 0.475258 0.010652 0.006186
1 0.127830 0.475773 0.010652 0.007216
1 0.860852 0.480412 0.057257 0.022680
1 0.802929 0.480412 0.047936 0.022680
1 0.717044 0.480412 0.057257 0.022680
1 0.659787 0.480412 0.049268 0.022680
1 0.079893 0.462371 0.005326 0.007216
1 0.282956 0.467526 0.065246 0.021649
1 0.390146 0.465979 0.047936 0.024742
1 0.486019 0.478866 0.833555 0.050515
1 0.346871 0.435567 0.009321 0.007216
1 0.328229 0.435567 0.009321 0.007216
1 0.572570 0.402062 0.010652 0.008247
1 0.547936 0.402062 0.011984 0.008247
1 0.241012 0.402062 0.010652 0.008247
1 0.868176 0.396392 0.010652 0.007216
1 0.853529 0.396392 0.010652 0.007216
1 0.821571 0.396392 0.010652 0.007216
1 0.806924 0.396392 0.010652 0.007216
1 0.725033 0.396392 0.011984 0.007216
1 0.709720 0.396392 0.010652 0.007216
1 0.661784 0.396392 0.010652 0.007216
1 0.560586 0.396392 0.010652 0.007216
1 0.535952 0.396392 0.011984 0.007216
1 0.517310 0.396392 0.011984 0.007216
1 0.499334 0.396392 0.010652 0.007216
1 0.393475 0.396392 0.011984 0.007216
1 0.378162 0.396392 0.010652 0.007216
1 0.330226 0.396392 0.010652 0.007216
1 0.315579 0.396392 0.010652 0.007216
1 0.221704 0.399485 0.022636 0.013402
1 0.185752 0.396392 0.011984 0.007216
1 0.167776 0.396392 0.010652 0.007216
1 0.149134 0.396392 0.010652 0.007216
1 0.078562 0.382990 0.005326 0.005155
1 0.545939 0.380412 0.013316 0.004124
1 0.798269 0.388660 0.057257 0.022680
1 0.139814 0.388660 0.066578 0.022680
1 0.582557 0.390206 0.038615 0.031959
1 0.250999 0.390206 0.038615 0.031959
1 0.486019 0.399485 0.833555 0.050515
1 0.535286 0.356186 0.010652 0.007216
1 0.517310 0.356186 0.009321 0.007216
2 0.866844 0.317010 0.010652 0.007216
2 0.816245 0.317010 0.010652 0.007216
2 0.766312 0.317010 0.011984 0.007216
2 0.467377 0.317010 0.010652 0.007216
2 0.451398 0.317010 0.010652 0.007216
2 0.417443 0.317010 0.011984 0.007216
2 0.365513 0.317010 0.011984 0.007216
2 0.332224 0.317010 0.011984 0.007216
2 0.315579 0.317010 0.010652 0.007216
2 0.280959 0.317010 0.010652 0.007216
2 0.264980 0.317010 0.010652 0.007216
2 0.229694 0.317010 0.011984 0.007216
2 0.195739 0.317010 0.010652 0.007216
2 0.179095 0.317010 0.011984 0.007216
2 0.145140 0.317010 0.010652 0.007216
2 0.129161 0.317010 0.010652 0.007216
2 0.858855 0.309278 0.061252 0.022680
2 0.796272 0.309278 0.053262 0.022680
2 0.294940 0.309278 0.051931 0.022680
2 0.485353 0.320103 0.834887 0.050515
2 0.669108 0.276804 0.009321 0.007216
2 0.649134 0.276804 0.009321 0.007216
2 0.213049 0.228866 0.013316 0.006186
2 0.071238 0.225258 0.006658 0.005155
2 0.204394 0.225773 0.030626 0.008247
2 0.834221 0.221649 0.014647 0.004124
2 0.485353 0.240206 0.834887 0.051546
2 0.823569 0.197423 0.009321 0.007216
2 0.804927 0.197423 0.009321 0.007216
2 0.505992 0.169072 0.793609 0.035052
2 0.138482 0.147938 0.007989 0.005155
2 0.195073 0.143299 0.009321 0.010309
2 0.183755 0.143299 0.010652 0.010309
2 0.172437 0.143299 0.006658 0.010309
2 0.637816 0.101031 0.010652 0.010309
2 0.608522 0.100515 0.010652 0.009278
2 0.580559 0.101031 0.013316 0.010309
2 0.540613 0.101031 0.013316 0.010309
2 0.519973 0.100515 0.006658 0.009278
2 0.504660 0.100515 0.021305 0.009278
2 0.486019 0.101031 0.013316 0.010309
2 0.428762 0.101031 0.013316 0.010309
2 0.414780 0.100515 0.011984 0.009278
2 0.388149 0.100515 0.006658 0.009278
2 0.378162 0.100515 0.010652 0.009278
2 0.366178 0.100515 0.010652 0.009278
2 0.352863 0.101031 0.013316 0.010309
2 0.440080 0.099485 0.009321 0.013402
2 0.626498 0.097938 0.006658 0.014433
2 0.618509 0.097938 0.006658 0.014433
2 0.594541 0.097938 0.011984 0.014433
2 0.563249 0.097938 0.015979 0.014433
2 0.527963 0.097938 0.006658 0.014433
2 0.468708 0.097938 0.015979 0.014433
2 0.406125 0.097938 0.010652 0.014433
2 0.334887 0.097938 0.017310 0.014433
2 0.541944 0.069072 0.021305 0.012371
2 0.511984 0.069072 0.009321 0.012371
2 0.482024 0.069072 0.021305 0.012371
2 0.461385 0.069072 0.017310 0.014433
2 0.442077 0.069072 0.015979 0.014433
2 0.500000 0.066495 0.011984 0.017526
2 0.420107 0.065464 0.022636 0.019588
2 0.558589 0.064948 0.009321 0.020619
2 0.526631 0.064948 0.014647 0.020619