0 0.807172 0.898760 0.017591 0.004132
0 0.720568 0.880165 0.012179 0.008264
0 0.702977 0.880165 0.012179 0.008264
0 0.303789 0.880165 0.012179 0.008264
0 0.193505 0.880165 0.010825 0.008264
0 0.868742 0.885847 0.027064 0.029959
0 0.860622 0.877583 0.010825 0.013430
0 0.476319 0.877583 0.010825 0.013430
0 0.483762 0.887397 0.063599 0.033058
0 0.819350 0.877066 0.012179 0.014463
0 0.803112 0.877066 0.012179 0.014463
0 0.422869 0.873967 0.012179 0.008264
0 0.111637 0.877066 0.012179 0.014463
0 0.083897 0.871384 0.005413 0.013430
0 0.077131 0.871384 0.005413 0.013430
0 0.893775 0.867769 0.012179 0.008264
0 0.836265 0.867252 0.010825 0.007231
0 0.738836 0.867252 0.010825 0.007231
0 0.577808 0.867252 0.010825 0.007231
0 0.513532 0.868802 0.023004 0.010331
0 0.495940 0.867769 0.012179 0.008264
0 0.322057 0.867252 0.010825 0.007231
0 0.738160 0.855888 0.012179 0.007231
0 0.577131 0.855888 0.012179 0.007231
0 0.321380 0.855888 0.012179 0.007231
0 0.192828 0.855888 0.012179 0.007231
0 0.720568 0.854855 0.012179 0.007231
0 0.702977 0.855372 0.012179 0.008264
0 0.557510 0.854855 0.010825 0.007231
0 0.338972 0.854855 0.012179 0.007231
0 0.303789 0.855372 0.012179 0.008264
0 0.285521 0.854855 0.010825 0.007231
0 0.835589 0.852273 0.014885 0.006198
0 0.519621 0.852273 0.016238 0.006198
0 0.496617 0.852273 0.016238 0.006198
0 0.144114 0.876550 0.074425 0.054752
0 0.893099 0.851756 0.016238 0.007231
0 0.716509 0.837810 0.020298 0.004132
0 0.658322 0.860021 0.063599 0.048554
0 0.567659 0.860021 0.069012 0.048554
0 0.366035 0.860021 0.028417 0.048554
0 0.317321 0.837810 0.055480 0.004132
0 0.227334 0.860021 0.059540 0.048554
0 0.758457 0.855372 0.031123 0.045455
0 0.407307 0.852273 0.040595 0.039256
0 0.704330 0.819731 0.006766 0.005165
0 0.648850 0.819731 0.009472 0.005165
0 0.558187 0.819731 0.009472 0.005165
0 0.374154 0.819731 0.009472 0.005165
0 0.286198 0.819731 0.009472 0.005165
0 0.720568 0.818698 0.009472 0.007231
0 0.685386 0.818698 0.009472 0.007231
0 0.631258 0.818698 0.009472 0.007231
0 0.596076 0.818698 0.009472 0.007231
0 0.577131 0.818698 0.009472 0.007231
0 0.356563 0.818698 0.009472 0.007231
0 0.338972 0.818698 0.009472 0.007231
0 0.321380 0.818698 0.009472 0.007231
0 0.303789 0.818698 0.009472 0.007231
0 0.251015 0.818698 0.009472 0.007231
0 0.230717 0.818698 0.009472 0.007231
0 0.211773 0.818698 0.009472 0.007231
0 0.192828 0.818698 0.009472 0.007231
0 0.738160 0.815599 0.009472 0.007231
0 0.502706 0.788740 0.020298 0.013430
0 0.133288 0.788740 0.052774 0.013430
1 0.651556 0.748450 0.014885 0.007231
1 0.627876 0.748450 0.016238 0.007231
1 0.079161 0.738636 0.006766 0.006198
1 0.071719 0.738636 0.005413 0.006198
1 0.391746 0.732955 0.009472 0.005165
1 0.491204 0.762397 0.847091 0.066116
1 0.516238 0.731921 0.009472 0.007231
1 0.498647 0.731921 0.009472 0.007231
1 0.481055 0.731921 0.009472 0.007231
1 0.463464 0.731921 0.009472 0.007231
1 0.444520 0.731921 0.009472 0.007231
1 0.426928 0.731921 0.009472 0.007231
1 0.374154 0.731921 0.009472 0.007231
1 0.356563 0.731921 0.009472 0.007231
1 0.338972 0.731921 0.009472 0.007231
1 0.321380 0.731921 0.009472 0.007231
1 0.644790 0.729339 0.025710 0.004132
1 0.847767 0.714360 0.009472 0.007231
1 0.830176 0.714360 0.009472 0.007231
1 0.812585 0.713326 0.009472 0.005165
1 0.794317 0.714360 0.010825 0.007231
1 0.776725 0.714360 0.010825 0.007231
1 0.758457 0.713326 0.009472 0.005165
1 0.723275 0.713326 0.009472 0.005165
1 0.705683 0.714360 0.009472 0.007231
1 0.687415 0.714360 0.010825 0.007231
1 0.669147 0.714360 0.009472 0.007231
1 0.865359 0.711260 0.009472 0.007231
1 0.533829 0.710227 0.009472 0.005165
1 0.876861 0.663740 0.010825 0.007231
1 0.840325 0.663740 0.010825 0.007231
1 0.822057 0.663740 0.012179 0.007231
1 0.785521 0.663740 0.012179 0.007231
1 0.713126 0.663740 0.010825 0.007231
1 0.658322 0.663740 0.012179 0.007231
1 0.621110 0.663740 0.010825 0.007231
1 0.549391 0.663740 0.010825 0.007231
1 0.531123 0.663740 0.012179 0.007231
1 0.494587 0.663740 0.012179 0.007231
1 0.457375 0.663740 0.010825 0.007231
1 0.367388 0.663740 0.012179 0.007231
1 0.330176 0.663740 0.010825 0.007231
1 0.293640 0.663740 0.010825 0.007231
1 0.275372 0.663740 0.012179 0.007231
1 0.240189 0.663740 0.012179 0.007231
1 0.203654 0.663740 0.012179 0.007231
1 0.166441 0.663740 0.010825 0.007231
1 0.491204 0.683884 0.847091 0.047521
1 0.111637 0.663740 0.012179 0.007231
1 0.876861 0.585227 0.010825 0.007231
1 0.840325 0.585227 0.010825 0.007231
1 0.822057 0.585227 0.012179 0.007231
1 0.785521 0.585227 0.012179 0.007231
1 0.713126 0.585227 0.010825 0.007231
1 0.658322 0.585227 0.012179 0.007231
1 0.621786 0.585227 0.012179 0.007231
1 0.549391 0.585227 0.010825 0.007231
1 0.531123 0.585227 0.012179 0.007231
1 0.494587 0.585227 0.012179 0.007231
1 0.457375 0.585227 0.010825 0.007231
1 0.367388 0.585227 0.012179 0.007231
1 0.330853 0.585227 0.012179 0.007231
1 0.293640 0.585227 0.010825 0.007231
1 0.275372 0.585227 0.012179 0.007231
1 0.240189 0.585227 0.012179 0.007231
1 0.203654 0.585227 0.012179 0.007231
1 0.166441 0.585227 0.010825 0.007231
1 0.491204 0.605372 0.847091 0.047521
1 0.111637 0.585227 0.012179 0.007231
1 0.079161 0.572314 0.006766 0.006198
2 0.413396 0.503099 0.014885 0.006198
2 0.212449 0.503616 0.016238 0.007231
2 0.148173 0.503099 0.014885 0.006198
1 0.491204 0.520145 0.847091 0.063017
2 0.375507 0.487087 0.009472 0.007231
2 0.356563 0.487087 0.009472 0.007231
2 0.338972 0.487087 0.009472 0.007231
2 0.299729 0.470558 0.060893 0.011364
2 0.334235 0.425103 0.016238 0.007231
2 0.310555 0.425103 0.014885 0.007231
2 0.079838 0.413740 0.005413 0.005165
2 0.491204 0.441116 0.847091 0.070248
2 0.801083 0.392562 0.010825 0.004132
2 0.506089 0.392562 0.010825 0.004132
2 0.387009 0.392562 0.010825 0.004132
2 0.128552 0.392562 0.010825 0.004132
2 0.850474 0.391012 0.009472 0.007231
2 0.834235 0.391012 0.009472 0.007231
2 0.817997 0.391012 0.009472 0.007231
2 0.784168 0.391012 0.009472 0.007231
2 0.767930 0.391012 0.009472 0.007231
2 0.732747 0.391012 0.009472 0.007231
2 0.715156 0.391012 0.009472 0.007231
2 0.697564 0.389979 0.009472 0.005165
2 0.679973 0.391012 0.009472 0.007231
2 0.523004 0.391012 0.009472 0.007231
2 0.489175 0.391012 0.009472 0.007231
2 0.472936 0.391012 0.009472 0.007231
2 0.456698 0.391012 0.009472 0.007231
2 0.440460 0.391012 0.009472 0.007231
2 0.405277 0.391012 0.009472 0.007231
2 0.368742 0.391012 0.009472 0.007231
2 0.351150 0.391012 0.009472 0.007231
2 0.211096 0.389463 0.010825 0.004132
2 0.194181 0.391012 0.009472 0.007231
2 0.177943 0.391012 0.009472 0.007231
2 0.161705 0.391012 0.009472 0.007231
2 0.145467 0.391012 0.009472 0.007231
2 0.111637 0.391012 0.009472 0.007231
2 0.866712 0.387913 0.009472 0.007231
2 0.539242 0.387913 0.009472 0.007231
2 0.666441 0.349174 0.012179 0.008264
2 0.593369 0.349174 0.012179 0.008264
2 0.271989 0.349174 0.010825 0.008264
2 0.183356 0.349174 0.012179 0.008264
2 0.111637 0.349174 0.012179 0.008264
2 0.768606 0.352789 0.010825 0.025826
2 0.734100 0.342975 0.012179 0.008264
2 0.721245 0.342975 0.010825 0.008264
2 0.539919 0.337293 0.010825 0.007231
2 0.083897 0.340393 0.005413 0.013430
2 0.077131 0.340393 0.005413 0.013430
2 0.878214 0.336777 0.010825 0.008264
2 0.822057 0.336777 0.012179 0.008264
2 0.799053 0.336777 0.012179 0.008264
2 0.629905 0.336777 0.012179 0.008264
2 0.468200 0.336777 0.010825 0.008264
2 0.379567 0.336777 0.012179 0.008264
2 0.877537 0.324897 0.012179 0.007231
2 0.675913 0.344525 0.028417 0.046488
2 0.666441 0.324897 0.012179 0.007231
2 0.629905 0.324897 0.012179 0.007231
2 0.621110 0.344525 0.064953 0.046488
2 0.593369 0.324897 0.012179 0.007231
2 0.558187 0.324897 0.012179 0.007231
2 0.540595 0.324897 0.012179 0.007231
2 0.526387 0.344525 0.056834 0.046488
2 0.486468 0.324897 0.012179 0.007231
2 0.468877 0.324897 0.012179 0.007231
2 0.455345 0.344525 0.055480 0.046488
2 0.379567 0.324897 0.012179 0.007231
2 0.361976 0.324897 0.012179 0.007231
2 0.370771 0.345041 0.064953 0.047521
2 0.299053 0.344525 0.064953 0.046488
2 0.290257 0.324897 0.012179 0.007231
2 0.272666 0.324897 0.012179 0.007231
2 0.237483 0.324897 0.012179 0.007231
2 0.205683 0.344525 0.054127 0.046488
2 0.183356 0.324897 0.012179 0.007231
2 0.165765 0.324897 0.012179 0.007231
2 0.133965 0.344525 0.054127 0.046488
2 0.111637 0.324897 0.012179 0.007231
2 0.822057 0.320764 0.014885 0.007231
2 0.798376 0.320764 0.016238 0.007231
2 0.072395 0.311467 0.006766 0.007231
2 0.868742 0.329545 0.067659 0.047521
2 0.504736 0.306302 0.010825 0.005165
2 0.717862 0.321798 0.041949 0.038223
2 0.666441 0.304752 0.009472 0.008264
2 0.629905 0.304752 0.009472 0.008264
2 0.612314 0.304236 0.009472 0.007231
2 0.593369 0.304752 0.009472 0.008264
2 0.558187 0.304752 0.009472 0.008264
2 0.540595 0.304752 0.009472 0.008264
2 0.523004 0.304236 0.009472 0.007231
2 0.486468 0.304752 0.009472 0.008264
2 0.896482 0.287707 0.009472 0.007231
2 0.877537 0.287707 0.009472 0.007231
2 0.858593 0.287707 0.009472 0.007231
2 0.702977 0.284607 0.009472 0.007231
2 0.491204 0.253616 0.847091 0.050620
2 0.190122 0.149793 0.012179 0.012397
2 0.512179 0.169421 0.805142 0.057851
2 0.196888 0.133264 0.009472 0.010331
2 0.185386 0.133781 0.010825 0.011364
2 0.173884 0.133264 0.006766 0.010331
2 0.139378 0.132748 0.008119 0.015496
2 0.911367 0.113120 0.006766 0.005165
2 0.896482 0.112603 0.006766 0.006198
2 0.888363 0.112603 0.006766 0.006198
2 0.851827 0.112603 0.012179 0.006198
2 0.830853 0.112603 0.005413 0.006198
2 0.879567 0.111054 0.008119 0.009298
2 0.870095 0.110021 0.008119 0.007231
2 0.824087 0.110537 0.005413 0.008264
2 0.818674 0.111054 0.005413 0.009298
2 0.568336 0.098657 0.010825 0.009298
2 0.555480 0.099174 0.012179 0.010331
2 0.500677 0.099174 0.013532 0.010331
2 0.458728 0.100723 0.013532 0.013430
2 0.441137 0.098657 0.021651 0.009298
2 0.417456 0.098657 0.020298 0.009298
2 0.401218 0.098657 0.006766 0.009298
2 0.512179 0.097624 0.009472 0.013430
2 0.589310 0.096074 0.012179 0.014463
2 0.577131 0.096074 0.006766 0.014463
2 0.537889 0.096074 0.025710 0.014463
2 0.483085 0.096074 0.016238 0.014463
2 0.389716 0.096591 0.013532 0.015496
2 0.510825 0.067149 0.009472 0.012397
2 0.579161 0.067149 0.016238 0.014463
2 0.451286 0.067149 0.014885 0.014463
2 0.488498 0.063533 0.032476 0.019628
2 0.407984 0.063533 0.023004 0.019628
2 0.564953 0.063017 0.009472 0.020661
2 0.548714 0.063533 0.017591 0.021694
2 0.527740 0.063533 0.018945 0.021694
2 0.430988 0.063017 0.020298 0.020661