0 0.711615 0.899897 0.010681 0.008256
0 0.510681 0.899897 0.012016 0.008256
0 0.204272 0.899897 0.010681 0.008256
0 0.852470 0.886997 0.012016 0.007224
0 0.652203 0.886997 0.012016 0.007224
0 0.558077 0.886997 0.010681 0.007224
0 0.357143 0.886997 0.012016 0.007224
0 0.156876 0.886997 0.012016 0.007224
0 0.081442 0.890093 0.005340 0.013416
0 0.074766 0.890093 0.005340 0.013416
0 0.899866 0.890609 0.005340 0.026832
1 0.852470 0.874613 0.012016 0.007224
1 0.781709 0.874613 0.012016 0.007224
1 0.734312 0.874613 0.010681 0.007224
1 0.274366 0.874613 0.012016 0.007224
1 0.203605 0.875129 0.012016 0.008256
1 0.156876 0.875129 0.012016 0.008256
1 0.132844 0.874613 0.012016 0.007224
1 0.075434 0.862229 0.006676 0.007224
1 0.841121 0.879773 0.082777 0.048504
1 0.751669 0.873065 0.072096 0.035088
1 0.600801 0.879773 0.232310 0.048504
1 0.387850 0.879773 0.190921 0.048504
1 0.244326 0.873065 0.072096 0.035088
1 0.144860 0.879773 0.081442 0.048504
1 0.752336 0.819917 0.012016 0.007224
1 0.210948 0.820433 0.010681 0.008256
1 0.181575 0.827657 0.050734 0.022704
1 0.178238 0.820433 0.012016 0.008256
1 0.161549 0.820433 0.010681 0.008256
1 0.484646 0.797730 0.835781 0.051600
1 0.883845 0.760062 0.010681 0.005160
1 0.076769 0.702270 0.006676 0.007224
1 0.484646 0.727038 0.835781 0.060888
1 0.159546 0.682663 0.012016 0.005160
1 0.143525 0.682663 0.012016 0.005160
1 0.228972 0.681631 0.012016 0.005160
1 0.210280 0.682147 0.012016 0.006192
1 0.505340 0.660475 0.012016 0.008256
1 0.343124 0.660475 0.010681 0.008256
1 0.076101 0.622807 0.005340 0.007224
1 0.484646 0.649123 0.835781 0.066047
1 0.865154 0.602167 0.010681 0.005160
1 0.811081 0.602167 0.012016 0.005160
1 0.793725 0.602167 0.012016 0.005160
1 0.703605 0.602167 0.010681 0.005160
1 0.648865 0.602167 0.010681 0.005160
1 0.631509 0.602167 0.010681 0.005160
1 0.884513 0.601651 0.009346 0.006192
1 0.722964 0.601651 0.009346 0.006192
1 0.329773 0.599587 0.013351 0.004128
1 0.076769 0.542828 0.006676 0.006192
1 0.069426 0.542828 0.005340 0.006192
1 0.484646 0.569143 0.835781 0.060888
2 0.484646 0.495356 0.835781 0.051600
2 0.081442 0.412281 0.005340 0.013416
2 0.074766 0.412281 0.005340 0.013416
2 0.377837 0.396285 0.010681 0.006192
2 0.331108 0.396285 0.010681 0.006192
2 0.272363 0.396285 0.010681 0.006192
2 0.225634 0.396285 0.010681 0.006192
2 0.178905 0.396285 0.010681 0.006192
2 0.132176 0.396285 0.010681 0.006192
2 0.869159 0.396285 0.010681 0.008256
2 0.823097 0.396285 0.012016 0.008256
2 0.775701 0.395769 0.010681 0.007224
2 0.728972 0.395769 0.010681 0.007224
2 0.670227 0.395769 0.010681 0.007224
2 0.623498 0.395769 0.010681 0.007224
2 0.576769 0.395769 0.010681 0.007224
2 0.530040 0.395769 0.010681 0.007224
2 0.471295 0.395769 0.010681 0.007224
2 0.424566 0.395769 0.010681 0.007224
2 0.076769 0.383385 0.006676 0.007224
2 0.069426 0.383385 0.005340 0.007224
2 0.693591 0.401445 0.417891 0.047472
2 0.275033 0.401445 0.416555 0.047472
2 0.869826 0.359649 0.009346 0.007224
2 0.851802 0.341589 0.010681 0.008256
2 0.835113 0.341589 0.012016 0.008256
2 0.769025 0.341589 0.010681 0.008256
2 0.685581 0.341589 0.012016 0.008256
2 0.620160 0.341589 0.012016 0.008256
2 0.536716 0.341589 0.010681 0.008256
2 0.470628 0.341589 0.012016 0.008256
2 0.385848 0.341589 0.010681 0.008256
2 0.351802 0.328689 0.012016 0.007224
2 0.269693 0.328689 0.010681 0.007224
2 0.182243 0.332817 0.006676 0.015480
2 0.124833 0.332301 0.065421 0.014448
2 0.081442 0.331785 0.005340 0.013416
2 0.074766 0.331785 0.005340 0.013416
2 0.203605 0.331785 0.006676 0.017544
2 0.288385 0.332301 0.005340 0.026832
2 0.636182 0.316821 0.012016 0.006192
2 0.334446 0.316821 0.012016 0.006192
2 0.851135 0.316821 0.012016 0.008256
2 0.835113 0.316821 0.012016 0.008256
2 0.785714 0.316305 0.012016 0.007224
2 0.769693 0.316821 0.012016 0.008256
2 0.701602 0.316305 0.012016 0.007224
2 0.685581 0.316305 0.012016 0.007224
2 0.620160 0.316821 0.012016 0.008256
2 0.585447 0.316305 0.012016 0.007224
2 0.536048 0.316305 0.012016 0.007224
2 0.520027 0.316305 0.012016 0.007224
2 0.470628 0.316305 0.012016 0.007224
2 0.435915 0.316305 0.012016 0.007224
2 0.385180 0.316305 0.012016 0.007224
2 0.351802 0.316821 0.012016 0.008256
2 0.255674 0.321465 0.038718 0.021672
2 0.125501 0.310630 0.010681 0.012384
2 0.070761 0.302374 0.005340 0.004128
2 0.863818 0.314757 0.050734 0.035088
2 0.798398 0.314757 0.050734 0.035088
2 0.714286 0.314757 0.050734 0.035088
2 0.648865 0.314757 0.050734 0.035088
2 0.564753 0.314757 0.050734 0.035088
2 0.499332 0.314757 0.050734 0.035088
2 0.414553 0.314757 0.052069 0.035088
2 0.341789 0.319401 0.064085 0.052632
2 0.869826 0.262126 0.012016 0.008256
2 0.841789 0.262126 0.012016 0.008256
2 0.827770 0.262126 0.010681 0.008256
2 0.783712 0.268318 0.010681 0.020640
2 0.730307 0.268318 0.010681 0.020640
2 0.692256 0.262126 0.012016 0.008256
2 0.638184 0.262126 0.010681 0.008256
2 0.600801 0.268318 0.010681 0.020640
2 0.546729 0.268318 0.012016 0.020640
2 0.508678 0.262126 0.010681 0.008256
2 0.453271 0.270382 0.025367 0.024768
2 0.403204 0.268318 0.010681 0.020640
2 0.349132 0.262126 0.012016 0.008256
2 0.311081 0.262126 0.010681 0.008256
2 0.257677 0.268318 0.010681 0.020640
2 0.220294 0.268318 0.010681 0.020640
2 0.166222 0.262126 0.012016 0.008256
2 0.128171 0.262126 0.010681 0.008256
2 0.484646 0.255934 0.835781 0.049536
2 0.502670 0.228586 0.006676 0.009288
2 0.076101 0.223426 0.005340 0.007224
2 0.695594 0.226006 0.405874 0.014448
2 0.504673 0.172859 0.795728 0.025800
2 0.530708 0.150671 0.012016 0.012384
2 0.518024 0.150671 0.010681 0.012384
2 0.136182 0.147059 0.008011 0.005160
2 0.192924 0.142415 0.009346 0.010320
2 0.182243 0.142415 0.009346 0.010320
2 0.170227 0.142415 0.006676 0.010320
2 0.899199 0.114035 0.006676 0.005160
2 0.884513 0.113519 0.006676 0.006192
2 0.876502 0.113519 0.006676 0.006192
2 0.837784 0.113519 0.006676 0.006192
2 0.828438 0.113519 0.009346 0.006192
2 0.819760 0.113519 0.005340 0.006192
2 0.891856 0.112487 0.005340 0.008256
2 0.867824 0.111971 0.008011 0.009288
2 0.857810 0.111971 0.009346 0.009288
2 0.807076 0.111971 0.006676 0.009288
2 0.654206 0.099587 0.010681 0.009288
2 0.641522 0.099587 0.012016 0.009288
2 0.614152 0.099587 0.010681 0.009288
2 0.603471 0.099587 0.005340 0.009288
2 0.564753 0.099587 0.013351 0.009288
2 0.552737 0.099587 0.005340 0.009288
2 0.533378 0.099587 0.009346 0.009288
2 0.518692 0.100103 0.014686 0.010320
2 0.477303 0.099587 0.006676 0.009288
2 0.466622 0.100103 0.012016 0.010320
2 0.455274 0.099587 0.010681 0.009288
2 0.441923 0.100103 0.013351 0.010320
2 0.389853 0.099587 0.005340 0.009288
2 0.350467 0.099587 0.012016 0.009288
2 0.544059 0.098555 0.009346 0.013416
2 0.627503 0.097007 0.013351 0.014448
2 0.589453 0.097007 0.017356 0.014448
2 0.503338 0.097523 0.013351 0.015480
2 0.425901 0.097007 0.016021 0.014448
2 0.401869 0.097007 0.013351 0.014448
2 0.375834 0.097007 0.020027 0.014448
2 0.335781 0.097007 0.014686 0.014448
2 0.319092 0.097007 0.016021 0.014448
2 0.510013 0.070691 0.018692 0.019608
2 0.491989 0.068111 0.017356 0.014448
2 0.475300 0.065015 0.013351 0.018576
2 0.457276 0.064499 0.020027 0.021672