0 0.859060 0.902993 0.016107 0.016512
0 0.706040 0.887513 0.010738 0.008256
0 0.626846 0.887513 0.010738 0.008256
0 0.547651 0.887513 0.010738 0.008256
0 0.815436 0.877193 0.009396 0.008256
0 0.083221 0.877709 0.005369 0.013416
0 0.076510 0.877709 0.005369 0.013416
0 0.756376 0.877709 0.006711 0.017544
1 0.079195 0.849329 0.005369 0.006192
1 0.487919 0.865841 0.838926 0.051600
1 0.391946 0.827141 0.013423 0.011352
1 0.704027 0.809082 0.012081 0.008256
1 0.484564 0.809082 0.010738 0.008256
1 0.391946 0.809082 0.010738 0.008256
1 0.218792 0.809082 0.010738 0.008256
1 0.296644 0.796182 0.010738 0.007224
1 0.219463 0.796698 0.012081 0.008256
1 0.157718 0.796182 0.012081 0.007224
1 0.083221 0.799278 0.005369 0.013416
1 0.076510 0.799278 0.005369 0.013416
1 0.373154 0.799794 0.005369 0.026832
1 0.483893 0.784314 0.012081 0.006192
1 0.453020 0.784314 0.012081 0.006192
1 0.422148 0.784314 0.012081 0.006192
1 0.391275 0.784830 0.012081 0.007224
1 0.857718 0.783798 0.010738 0.007224
1 0.826846 0.783798 0.010738 0.007224
1 0.795973 0.783798 0.010738 0.007224
1 0.765772 0.783798 0.012081 0.007224
1 0.734899 0.783798 0.012081 0.007224
1 0.704027 0.784314 0.012081 0.008256
1 0.673154 0.783798 0.012081 0.007224
1 0.607383 0.783798 0.012081 0.007224
1 0.576510 0.783798 0.012081 0.007224
1 0.545638 0.783798 0.012081 0.007224
1 0.514765 0.783798 0.012081 0.007224
1 0.326846 0.783798 0.012081 0.007224
1 0.249664 0.783798 0.010738 0.007224
1 0.187919 0.783798 0.010738 0.007224
1 0.126846 0.783798 0.012081 0.007224
1 0.865101 0.774510 0.057718 0.025800
1 0.803356 0.774510 0.057718 0.025800
1 0.742282 0.787410 0.056376 0.051600
1 0.680537 0.787410 0.056376 0.051600
1 0.604027 0.774510 0.048322 0.025800
1 0.542282 0.774510 0.048322 0.025800
1 0.481208 0.774510 0.046980 0.025800
1 0.419463 0.787410 0.046980 0.051600
1 0.324832 0.780702 0.048322 0.038184
1 0.257047 0.774510 0.057718 0.025800
1 0.195973 0.787410 0.056376 0.051600
1 0.134228 0.786894 0.056376 0.052632
1 0.340268 0.748194 0.012081 0.006192
1 0.659732 0.730650 0.012081 0.008256
1 0.395302 0.730650 0.012081 0.008256
1 0.130872 0.730650 0.012081 0.008256
1 0.083221 0.721878 0.005369 0.013416
1 0.076510 0.721878 0.005369 0.013416
1 0.751678 0.717750 0.010738 0.007224
1 0.705369 0.717750 0.012081 0.007224
1 0.624161 0.717750 0.010738 0.007224
1 0.487248 0.717750 0.010738 0.007224
1 0.440940 0.717750 0.012081 0.007224
1 0.176510 0.717750 0.012081 0.007224
1 0.091275 0.721362 0.005369 0.026832
1 0.858389 0.705882 0.012081 0.006192
1 0.827517 0.705882 0.012081 0.006192
1 0.781879 0.705882 0.012081 0.006192
1 0.593960 0.705882 0.012081 0.006192
1 0.517450 0.705882 0.012081 0.006192
1 0.329530 0.705882 0.012081 0.006192
1 0.253020 0.705882 0.012081 0.006192
1 0.812081 0.705366 0.010738 0.007224
1 0.735570 0.705366 0.010738 0.007224
1 0.674497 0.705366 0.012081 0.007224
1 0.659732 0.705882 0.012081 0.008256
1 0.563087 0.705366 0.012081 0.007224
1 0.547651 0.705366 0.010738 0.007224
1 0.471141 0.705366 0.010738 0.007224
1 0.395302 0.705882 0.012081 0.008256
1 0.359732 0.705366 0.010738 0.007224
1 0.283221 0.705366 0.010738 0.007224
1 0.206711 0.705366 0.010738 0.007224
1 0.130872 0.705882 0.012081 0.008256
1 0.071812 0.692982 0.006711 0.007224
1 0.865772 0.702786 0.056376 0.039216
1 0.809396 0.696078 0.048322 0.025800
1 0.743624 0.708978 0.056376 0.051600
1 0.601342 0.702786 0.056376 0.039216
1 0.544966 0.696078 0.048322 0.025800
1 0.479195 0.708978 0.056376 0.051600
1 0.336913 0.702786 0.056376 0.039216
1 0.281208 0.696078 0.046980 0.025800
1 0.214765 0.708978 0.056376 0.051600
1 0.687248 0.701754 0.048322 0.039216
1 0.422819 0.701754 0.048322 0.039216
1 0.158389 0.701754 0.048322 0.039216
1 0.622148 0.669763 0.012081 0.006192
1 0.083221 0.643447 0.005369 0.013416
1 0.076510 0.643447 0.005369 0.013416
1 0.716107 0.639835 0.012081 0.008256
1 0.570470 0.639835 0.010738 0.008256
1 0.445638 0.639835 0.010738 0.008256
1 0.347651 0.639835 0.010738 0.008256
1 0.300671 0.639835 0.010738 0.008256
1 0.873154 0.636739 0.012081 0.006192
1 0.810067 0.627451 0.012081 0.006192
1 0.762416 0.627451 0.010738 0.006192
1 0.700000 0.627967 0.012081 0.007224
1 0.653020 0.627967 0.012081 0.007224
1 0.617450 0.627451 0.010738 0.006192
1 0.555034 0.627451 0.012081 0.006192
1 0.236913 0.627451 0.012081 0.006192
1 0.189262 0.627451 0.010738 0.006192
1 0.825503 0.626935 0.010738 0.007224
1 0.602685 0.626935 0.010738 0.007224
1 0.507383 0.626935 0.010738 0.007224
1 0.491946 0.626935 0.012081 0.007224
1 0.460403 0.626935 0.010738 0.007224
1 0.397315 0.626935 0.010738 0.007224
1 0.381879 0.627451 0.012081 0.008256
1 0.252349 0.626935 0.010738 0.007224
1 0.865101 0.627967 0.057718 0.031992
1 0.071812 0.614551 0.006711 0.007224
1 0.802013 0.618163 0.057718 0.024768
1 0.697987 0.631063 0.418792 0.050568
1 0.681208 0.618163 0.049664 0.024768
1 0.598658 0.618163 0.048322 0.024768
1 0.536242 0.618163 0.049664 0.024768
1 0.328188 0.618163 0.049664 0.024768
1 0.265772 0.618163 0.048322 0.024768
1 0.283221 0.631063 0.429530 0.050568
1 0.348993 0.596491 0.010738 0.006192
1 0.891275 0.595459 0.010738 0.006192
1 0.538926 0.568111 0.012081 0.007224
1 0.524832 0.566047 0.010738 0.013416
1 0.083221 0.565015 0.005369 0.013416
1 0.076510 0.565015 0.005369 0.013416
1 0.832886 0.561404 0.012081 0.008256
1 0.683221 0.561404 0.010738 0.008256
1 0.333557 0.561404 0.012081 0.008256
1 0.569799 0.558308 0.012081 0.006192
1 0.489262 0.563983 0.006711 0.017544
1 0.455705 0.563983 0.006711 0.017544
1 0.775839 0.549020 0.010738 0.006192
1 0.757047 0.549020 0.010738 0.006192
1 0.738926 0.549020 0.012081 0.006192
1 0.720134 0.549536 0.012081 0.007224
1 0.701342 0.549020 0.012081 0.006192
1 0.314765 0.549020 0.012081 0.006192
1 0.240268 0.549020 0.010738 0.006192
1 0.222148 0.549536 0.012081 0.007224
1 0.147651 0.549020 0.010738 0.006192
1 0.130201 0.549020 0.010738 0.006192
1 0.869799 0.548504 0.010738 0.007224
1 0.851007 0.548504 0.010738 0.007224
1 0.813423 0.548504 0.010738 0.007224
1 0.794631 0.548504 0.010738 0.007224
1 0.664430 0.549020 0.010738 0.008256
1 0.645638 0.548504 0.010738 0.007224
1 0.166443 0.549020 0.010738 0.008256
1 0.789933 0.533540 0.057718 0.004128
1 0.716107 0.533540 0.057718 0.004128
1 0.865101 0.539732 0.057718 0.024768
1 0.365772 0.539732 0.057718 0.024768
1 0.287248 0.539732 0.067114 0.024768
1 0.212752 0.546440 0.065772 0.038184
1 0.277852 0.552632 0.418792 0.050568
1 0.697987 0.557276 0.418792 0.063983
1 0.717450 0.483488 0.012081 0.007224
1 0.842282 0.482972 0.012081 0.008256
1 0.573154 0.482972 0.010738 0.008256
1 0.446309 0.482972 0.012081 0.008256
1 0.173826 0.482972 0.012081 0.008256
1 0.873826 0.470588 0.010738 0.006192
1 0.795973 0.470588 0.010738 0.006192
1 0.748993 0.471104 0.010738 0.007224
1 0.587919 0.470588 0.010738 0.006192
1 0.508725 0.470588 0.010738 0.006192
1 0.430872 0.471104 0.010738 0.007224
1 0.328859 0.470588 0.010738 0.006192
1 0.283221 0.470588 0.010738 0.006192
1 0.251007 0.471104 0.010738 0.007224
1 0.205369 0.471104 0.010738 0.007224
1 0.126846 0.470588 0.009396 0.006192
1 0.763758 0.470072 0.010738 0.007224
1 0.524832 0.470072 0.010738 0.007224
1 0.493960 0.470072 0.010738 0.007224
1 0.158389 0.470588 0.010738 0.008256
1 0.383221 0.467492 0.012081 0.008256
1 0.077181 0.457688 0.006711 0.007224
1 0.870470 0.468008 0.049664 0.038184
1 0.803356 0.461816 0.057718 0.025800
1 0.744966 0.461300 0.048322 0.024768
1 0.601342 0.461300 0.048322 0.024768
1 0.537584 0.461300 0.049664 0.024768
1 0.321477 0.468008 0.057718 0.038184
1 0.259732 0.461816 0.057718 0.025800
1 0.201342 0.461300 0.048322 0.024768
1 0.487919 0.474200 0.838926 0.050568
1 0.411409 0.460268 0.049664 0.026832
1 0.891275 0.439628 0.010738 0.006192
1 0.347651 0.439628 0.010738 0.006192
1 0.873826 0.398349 0.010738 0.008256
1 0.826846 0.392673 0.010738 0.007224
1 0.794631 0.392673 0.010738 0.007224
1 0.779866 0.392673 0.010738 0.007224
1 0.748322 0.392673 0.012081 0.007224
1 0.732886 0.392673 0.010738 0.007224
1 0.701342 0.392673 0.012081 0.007224
1 0.685906 0.392673 0.010738 0.007224
1 0.654362 0.392673 0.012081 0.007224
1 0.604027 0.392673 0.010738 0.007224
1 0.557047 0.392673 0.010738 0.007224
1 0.524832 0.392673 0.010738 0.007224
1 0.510067 0.392673 0.010738 0.007224
1 0.478523 0.392673 0.012081 0.007224
1 0.463087 0.392673 0.010738 0.007224
1 0.431544 0.392673 0.012081 0.007224
1 0.416107 0.392673 0.010738 0.007224
1 0.384564 0.392673 0.012081 0.007224
1 0.348993 0.392673 0.010738 0.007224
1 0.333557 0.392673 0.009396 0.007224
1 0.318121 0.392673 0.010738 0.007224
1 0.253691 0.392673 0.010738 0.007224
1 0.238926 0.392673 0.010738 0.007224
1 0.222819 0.392673 0.010738 0.007224
1 0.159060 0.392673 0.012081 0.007224
1 0.143624 0.392673 0.010738 0.007224
1 0.127517 0.392673 0.010738 0.007224
1 0.808054 0.383385 0.048322 0.025800
1 0.681879 0.383385 0.048322 0.025800
1 0.600000 0.383385 0.048322 0.025800
1 0.538255 0.383385 0.048322 0.025800
1 0.412081 0.383385 0.048322 0.025800
1 0.266443 0.383385 0.049664 0.025800
1 0.487248 0.394737 0.840268 0.052632
1 0.621477 0.361197 0.010738 0.006192
2 0.824161 0.314241 0.010738 0.007224
2 0.808725 0.314241 0.012081 0.007224
2 0.791946 0.314241 0.010738 0.007224
2 0.760403 0.314241 0.012081 0.007224
2 0.743624 0.314241 0.010738 0.007224
2 0.727517 0.314241 0.010738 0.007224
2 0.712081 0.314241 0.012081 0.007224
2 0.606040 0.314241 0.012081 0.007224
2 0.587919 0.314241 0.010738 0.007224
2 0.518121 0.314241 0.010738 0.007224
2 0.499329 0.314241 0.010738 0.007224
2 0.412081 0.314241 0.010738 0.007224
2 0.358389 0.314241 0.010738 0.007224
2 0.288591 0.314241 0.010738 0.007224
2 0.269799 0.314241 0.010738 0.007224
2 0.252349 0.314241 0.010738 0.007224
2 0.164430 0.314241 0.012081 0.007224
2 0.071141 0.301342 0.005369 0.004128
2 0.804698 0.298246 0.049664 0.004128
2 0.740268 0.298246 0.049664 0.004128
2 0.579866 0.304954 0.064430 0.025800
2 0.513423 0.304954 0.055034 0.025800
2 0.283893 0.304954 0.055034 0.025800
2 0.487248 0.317337 0.840268 0.050568
2 0.378523 0.282766 0.010738 0.006192
2 0.837584 0.273478 0.008054 0.006192
2 0.824832 0.273994 0.009396 0.007224
2 0.487248 0.238906 0.840268 0.050568
2 0.610738 0.204850 0.010738 0.005160
2 0.183221 0.142415 0.006711 0.010320
2 0.172483 0.142415 0.009396 0.010320
2 0.508054 0.160475 0.798658 0.050568
2 0.138255 0.141383 0.008054 0.016512
2 0.891275 0.126419 0.010738 0.005160
2 0.552349 0.101651 0.014765 0.013416
2 0.539597 0.100103 0.013423 0.010320
2 0.526174 0.099587 0.010738 0.009288
2 0.484564 0.099587 0.013423 0.009288
2 0.469128 0.100103 0.012081 0.010320
2 0.453691 0.099587 0.013423 0.009288
2 0.438926 0.100103 0.010738 0.010320
2 0.510067 0.097523 0.018792 0.015480
2 0.422819 0.097007 0.016107 0.014448
2 0.452349 0.068111 0.021477 0.012384
2 0.345638 0.068111 0.009396 0.012384
2 0.657047 0.067595 0.014765 0.013416
2 0.639597 0.068111 0.014765 0.014448
2 0.601342 0.068111 0.016107 0.014448
2 0.549664 0.068111 0.014765 0.014448
2 0.532886 0.067595 0.016107 0.013416
2 0.515436 0.068111 0.016107 0.014448
2 0.432215 0.068111 0.016107 0.014448
2 0.359732 0.067595 0.013423 0.013416
2 0.491275 0.064499 0.034899 0.019608
2 0.413423 0.064499 0.026846 0.019608
2 0.322819 0.065015 0.036242 0.020640
2 0.620134 0.064499 0.018792 0.021672
2 0.580537 0.064499 0.020134 0.021672
2 0.379195 0.063983 0.020134 0.020640