1 0.302807 0.887797 0.012032 0.007239
1 0.667112 0.888314 0.010695 0.020683
1 0.523396 0.882110 0.012032 0.008273
1 0.379011 0.888314 0.012032 0.020683
1 0.235294 0.888314 0.010695 0.020683
1 0.091578 0.881593 0.012032 0.007239
1 0.898396 0.870734 0.013369 0.004137
1 0.056150 0.872285 0.005348 0.013444
1 0.302807 0.868666 0.012032 0.008273
1 0.622326 0.871768 0.009358 0.016546
1 0.411096 0.871768 0.009358 0.016546
1 0.862968 0.871251 0.009358 0.017580
1 0.766711 0.870734 0.009358 0.016546
1 0.699198 0.871251 0.008021 0.017580
1 0.555481 0.870734 0.009358 0.016546
1 0.478610 0.871251 0.008021 0.017580
1 0.334225 0.870734 0.008021 0.016546
1 0.267380 0.871251 0.008021 0.017580
1 0.190508 0.871251 0.009358 0.017580
1 0.122995 0.870734 0.008021 0.016546
1 0.820187 0.859359 0.006684 0.004137
1 0.735294 0.870734 0.010695 0.041365
1 0.590909 0.870734 0.010695 0.041365
1 0.447193 0.870734 0.012032 0.041365
1 0.159091 0.870734 0.010695 0.041365
1 0.090909 0.853154 0.016043 0.006205
1 0.816176 0.852637 0.017380 0.017580
1 0.831551 0.852637 0.010695 0.019648
1 0.814840 0.763185 0.012032 0.008273
1 0.298797 0.763185 0.012032 0.008273
1 0.284091 0.763185 0.012032 0.008273
1 0.936497 0.764736 0.012032 0.021717
1 0.878342 0.754912 0.008021 0.012410
1 0.633690 0.754912 0.008021 0.012410
1 0.188503 0.750776 0.008021 0.006205
1 0.673128 0.750776 0.012032 0.008273
1 0.365642 0.750776 0.012032 0.008273
1 0.298797 0.750776 0.012032 0.008273
1 0.111631 0.750776 0.012032 0.008273
1 0.915107 0.748190 0.012032 0.007239
1 0.411765 0.760600 0.037433 0.032058
1 0.145722 0.766805 0.040107 0.044467
1 0.091578 0.744571 0.012032 0.008273
1 0.299465 0.741468 0.010695 0.006205
1 0.270053 0.741468 0.010695 0.006205
1 0.193850 0.742503 0.008021 0.012410
1 0.697861 0.743537 0.010695 0.022751
1 0.608957 0.743537 0.028075 0.022751
1 0.462567 0.743537 0.010695 0.022751
1 0.438503 0.743537 0.010695 0.022751
1 0.379011 0.752844 0.020053 0.041365
1 0.204545 0.743537 0.010695 0.022751
1 0.175134 0.743537 0.010695 0.022751
1 0.814171 0.735264 0.016043 0.008273
1 0.897727 0.739917 0.017380 0.021717
1 0.858957 0.750776 0.012032 0.045502
1 0.653743 0.744054 0.024064 0.034126
1 0.106952 0.730610 0.021390 0.009307
1 0.569519 0.746122 0.010695 0.042399
1 0.548128 0.746122 0.010695 0.042399
1 0.790107 0.744054 0.016043 0.046536
1 0.767380 0.744054 0.026738 0.046536
1 0.735294 0.744054 0.016043 0.046536
1 0.528075 0.744054 0.024064 0.046536
1 0.500000 0.744054 0.016043 0.046536
1 0.281417 0.725957 0.017380 0.010341
1 0.245989 0.744054 0.016043 0.046536
1 0.826872 0.734747 0.017380 0.040331
1 0.569519 0.716649 0.013369 0.004137
1 0.548128 0.716649 0.013369 0.004137
1 0.328209 0.740951 0.028075 0.052740
1 0.467246 0.664426 0.012032 0.007239
1 0.160428 0.652017 0.010695 0.007239
1 0.278743 0.645812 0.012032 0.007239
1 0.488636 0.647363 0.025401 0.022751
1 0.800134 0.639090 0.012032 0.008273
1 0.465241 0.637022 0.008021 0.012410
1 0.383690 0.637022 0.008021 0.012410
1 0.089572 0.637022 0.008021 0.012410
1 0.177139 0.633402 0.012032 0.007239
1 0.670455 0.632885 0.012032 0.008273
1 0.620321 0.632885 0.010695 0.008273
1 0.344920 0.632885 0.010695 0.008273
1 0.108957 0.632885 0.012032 0.008273
1 0.753342 0.629783 0.012032 0.006205
1 0.413102 0.629783 0.010695 0.006205
1 0.185160 0.648914 0.062834 0.044467
1 0.706551 0.646846 0.041444 0.048604
1 0.706551 0.626680 0.012032 0.008273
1 0.399064 0.626163 0.012032 0.007239
1 0.359626 0.625646 0.021390 0.022751
1 0.437834 0.621510 0.030749 0.022751
1 0.800134 0.626163 0.041444 0.034126
1 0.130348 0.620993 0.036096 0.023785
1 0.753342 0.620476 0.041444 0.024819
1 0.411096 0.610651 0.017380 0.005171
1 0.901070 0.628232 0.010695 0.042399
1 0.660428 0.618407 0.032086 0.022751
1 0.582219 0.628232 0.012032 0.042399
1 0.314171 0.628232 0.010695 0.042399
1 0.292781 0.628232 0.010695 0.042399
1 0.879011 0.626163 0.025401 0.046536
1 0.846925 0.626163 0.017380 0.046536
1 0.559492 0.626163 0.025401 0.046536
1 0.272059 0.614788 0.025401 0.023785
1 0.528075 0.625646 0.016043 0.047570
1 0.243316 0.625646 0.016043 0.047570
1 0.901070 0.598759 0.013369 0.004137
1 0.314171 0.599793 0.013369 0.006205
1 0.931150 0.622544 0.028075 0.053775
1 0.612299 0.622544 0.029412 0.053775
1 0.870989 0.594623 0.014706 0.006205
1 0.292112 0.594623 0.014706 0.006205
1 0.734626 0.534126 0.012032 0.007239
1 0.440508 0.541882 0.020053 0.022751
1 0.895053 0.527404 0.012032 0.008273
1 0.623663 0.527404 0.012032 0.008273
1 0.322861 0.527404 0.012032 0.008273
1 0.522727 0.535160 0.037433 0.034126
1 0.233957 0.535160 0.040107 0.034126
1 0.198529 0.521200 0.012032 0.008273
1 0.795455 0.513961 0.008021 0.006205
1 0.623663 0.514995 0.012032 0.008273
1 0.091578 0.514478 0.012032 0.007239
1 0.750000 0.530507 0.042781 0.043433
1 0.472594 0.511892 0.012032 0.006205
1 0.147727 0.531024 0.041444 0.044467
1 0.453877 0.508273 0.012032 0.007239
1 0.624332 0.505171 0.010695 0.007239
1 0.592246 0.505171 0.010695 0.007239
1 0.307487 0.505171 0.010695 0.007239
1 0.800802 0.504137 0.008021 0.009307
1 0.812834 0.507239 0.010695 0.021717
1 0.782086 0.507239 0.010695 0.021717
1 0.409759 0.507239 0.012032 0.021717
1 0.703209 0.504654 0.032086 0.026887
1 0.485963 0.508273 0.020053 0.034126
1 0.188503 0.503102 0.032086 0.023785
1 0.106283 0.501551 0.022727 0.020683
1 0.910428 0.510341 0.010695 0.042399
1 0.339572 0.510341 0.010695 0.042399
1 0.887701 0.496898 0.026738 0.023785
1 0.656417 0.508273 0.026738 0.046536
1 0.604947 0.508273 0.017380 0.046536
1 0.319519 0.490176 0.018717 0.010341
1 0.934492 0.507756 0.016043 0.047570
1 0.855615 0.507756 0.016043 0.047570
1 0.567513 0.507756 0.017380 0.047570
1 0.280749 0.507756 0.016043 0.047570
1 0.370989 0.504654 0.030749 0.053775
1 0.623663 0.475698 0.014706 0.004137
1 0.880348 0.408997 0.012032 0.007239
1 0.598262 0.408997 0.012032 0.007239
1 0.235963 0.408997 0.012032 0.007239
1 0.091578 0.408997 0.012032 0.007239
1 0.717914 0.410031 0.010695 0.017580
1 0.797460 0.410548 0.025401 0.022751
1 0.790775 0.403309 0.012032 0.008273
1 0.504679 0.402792 0.012032 0.007239
1 0.447193 0.402792 0.012032 0.007239
1 0.775401 0.400724 0.008021 0.011375
1 0.697861 0.400724 0.008021 0.011375
1 0.388369 0.400724 0.006684 0.011375
1 0.177807 0.400724 0.008021 0.011375
1 0.718583 0.397104 0.012032 0.008273
1 0.598262 0.396587 0.012032 0.007239
1 0.418449 0.413650 0.029412 0.041365
1 0.162433 0.396587 0.012032 0.007239
1 0.757353 0.393485 0.012032 0.007239
1 0.370989 0.390383 0.012032 0.007239
1 0.598930 0.387280 0.010695 0.007239
1 0.480615 0.401241 0.060160 0.035160
1 0.092246 0.387280 0.010695 0.007239
1 0.235963 0.381075 0.017380 0.007239
1 0.199866 0.388831 0.017380 0.022751
1 0.671791 0.386246 0.012032 0.021717
1 0.897059 0.391934 0.010695 0.041365
1 0.747995 0.395036 0.030749 0.047570
1 0.379011 0.380558 0.009358 0.018614
1 0.298128 0.385729 0.010695 0.028956
1 0.118984 0.391934 0.010695 0.041365
1 0.932487 0.389349 0.028075 0.046536
1 0.872326 0.378490 0.028075 0.024819
1 0.836898 0.389349 0.016043 0.046536
1 0.572861 0.389349 0.028075 0.046536
1 0.536096 0.389349 0.016043 0.046536
1 0.272059 0.389349 0.028075 0.046536
1 0.154412 0.383144 0.028075 0.034126
1 0.633021 0.386246 0.030749 0.052740
1 0.332888 0.386246 0.032086 0.052740
1 0.923128 0.358842 0.014706 0.006205
1 0.145053 0.358842 0.014706 0.006205
1 0.399733 0.297311 0.010695 0.007239
1 0.281417 0.291107 0.012032 0.007239
1 0.115642 0.291107 0.012032 0.007239
1 0.091578 0.291107 0.012032 0.007239
1 0.425134 0.292658 0.010695 0.022751
1 0.356952 0.282834 0.008021 0.011375
1 0.805481 0.295760 0.025401 0.041365
1 0.294786 0.278697 0.012032 0.007239
1 0.154412 0.279214 0.012032 0.008273
1 0.056150 0.281799 0.005348 0.013444
1 0.826203 0.284385 0.010695 0.024819
1 0.399064 0.275595 0.012032 0.007239
1 0.162433 0.292658 0.057487 0.047570
1 0.721925 0.269390 0.010695 0.007239
1 0.281417 0.269390 0.012032 0.007239
1 0.116310 0.269390 0.010695 0.007239
1 0.092246 0.269390 0.010695 0.007239
1 0.379679 0.268873 0.024064 0.026887
1 0.752674 0.274043 0.010695 0.041365
1 0.702540 0.267839 0.012032 0.028956
1 0.661765 0.274043 0.010695 0.041365
1 0.631684 0.277146 0.012032 0.047570
1 0.590909 0.274043 0.010695 0.041365
1 0.570187 0.274043 0.012032 0.041365
1 0.332888 0.266287 0.029412 0.025853
1 0.260027 0.267839 0.012032 0.028956
1 0.237968 0.263185 0.010695 0.019648
1 0.905080 0.267322 0.010695 0.029990
1 0.883690 0.262668 0.010695 0.020683
1 0.775401 0.273526 0.010695 0.042399
1 0.681818 0.262668 0.010695 0.020683
1 0.611631 0.267322 0.012032 0.029990
1 0.507353 0.267322 0.012032 0.029990
1 0.485294 0.262668 0.010695 0.020683
1 0.933824 0.271458 0.025401 0.046536
1 0.862299 0.271458 0.016043 0.046536
1 0.535428 0.271458 0.025401 0.046536
1 0.463904 0.271458 0.016043 0.046536
1 0.292781 0.253361 0.016043 0.010341
1 0.216578 0.271458 0.016043 0.046536
1 0.775401 0.246122 0.013369 0.006205
1 0.816176 0.187177 0.014706 0.022751
1 0.497995 0.173216 0.012032 0.007239
1 0.839572 0.174767 0.010695 0.022751
1 0.429144 0.164943 0.008021 0.011375
1 0.826872 0.160807 0.012032 0.007239
1 0.534091 0.160807 0.012032 0.007239
1 0.109626 0.159255 0.013369 0.004137
1 0.056150 0.163909 0.005348 0.013444
1 0.727941 0.160290 0.012032 0.008273
1 0.658422 0.162875 0.009358 0.017580
1 0.407754 0.162875 0.008021 0.017580
1 0.322861 0.162875 0.009358 0.017580
1 0.241979 0.162875 0.008021 0.017580
1 0.160428 0.162875 0.008021 0.017580
1 0.080214 0.163909 0.013369 0.025853
1 0.927139 0.150982 0.009358 0.006205
1 0.745321 0.150982 0.009358 0.006205
1 0.728610 0.151499 0.010695 0.007239
1 0.534759 0.151499 0.010695 0.007239
1 0.279412 0.150982 0.010695 0.006205
1 0.890374 0.150465 0.010695 0.007239
1 0.180481 0.148397 0.010695 0.007239
1 0.260695 0.147880 0.010695 0.008273
1 0.464572 0.153051 0.012032 0.022751
1 0.447193 0.153051 0.017380 0.022751
1 0.497326 0.144778 0.016043 0.008273
1 0.711230 0.144778 0.010695 0.018614
1 0.389037 0.144778 0.010695 0.018614
1 0.359626 0.144778 0.010695 0.018614
1 0.144385 0.144778 0.010695 0.018614
1 0.909091 0.149431 0.010695 0.029990
1 0.794118 0.155636 0.010695 0.042399
1 0.774064 0.155636 0.010695 0.042399
1 0.614305 0.155636 0.012032 0.042399
1 0.594251 0.155636 0.012032 0.042399
1 0.516043 0.144261 0.010695 0.019648
1 0.307487 0.144261 0.010695 0.019648
1 0.225936 0.144261 0.010695 0.019648
1 0.197861 0.144261 0.010695 0.019648
1 0.342246 0.142192 0.010695 0.019648
1 0.938503 0.153568 0.016043 0.046536
1 0.872995 0.153568 0.016043 0.046536
1 0.693850 0.153568 0.016043 0.046536
1 0.640374 0.147363 0.024064 0.034126
1 0.558824 0.153568 0.024064 0.046536
1 0.794118 0.127198 0.013369 0.004137
1 0.149733 0.126163 0.008021 0.010341
1 0.139037 0.124612 0.008021 0.007239
1 0.120321 0.124095 0.010695 0.006205
1 0.108957 0.123061 0.009358 0.010341
1 0.131016 0.106515 0.005348 0.010341
1 0.120989 0.106515 0.009358 0.010341
1 0.078877 0.105481 0.008021 0.016546
1 0.532086 0.079628 0.008021 0.012410
1 0.523396 0.077559 0.006684 0.008273
1 0.473262 0.077559 0.008021 0.008273
1 0.543449 0.076008 0.009358 0.011375
1 0.504011 0.076008 0.010695 0.011375
1 0.484626 0.076008 0.009358 0.011375
1 0.455214 0.076008 0.012032 0.011375
1 0.542781 0.048087 0.008021 0.013444
1 0.686497 0.050672 0.017380 0.020683
1 0.617647 0.047570 0.016043 0.014478
1 0.558155 0.047570 0.017380 0.014478
1 0.518717 0.050672 0.016043 0.020683
1 0.504011 0.047570 0.008021 0.014478
1 0.440508 0.047570 0.014706 0.014478
1 0.423128 0.047570 0.014706 0.014478
1 0.407754 0.047570 0.013369 0.014478
1 0.353610 0.047570 0.014706 0.014478
1 0.583556 0.046019 0.009358 0.017580
1 0.455214 0.046019 0.009358 0.017580
1 0.667112 0.044467 0.018717 0.020683
1 0.646390 0.044467 0.017380 0.020683
1 0.598930 0.044467 0.018717 0.020683
1 0.484626 0.044467 0.025401 0.020683
1 0.386364 0.044467 0.026738 0.020683
1 0.334893 0.044467 0.017380 0.020683
1 0.313503 0.044467 0.022727 0.020683