0 0.768606 0.899793 0.010825 0.008264
0 0.441813 0.899793 0.012179 0.008264
0 0.276049 0.899793 0.010825 0.008264
0 0.843708 0.886880 0.012179 0.007231
0 0.351150 0.886880 0.012179 0.007231
0 0.188092 0.886880 0.010825 0.007231
0 0.083897 0.889979 0.005413 0.013430
0 0.077131 0.889979 0.005413 0.013430
1 0.866712 0.878099 0.009472 0.006198
1 0.805819 0.878099 0.009472 0.006198
1 0.768606 0.878099 0.010825 0.006198
1 0.276049 0.878099 0.010825 0.006198
1 0.225304 0.878099 0.009472 0.006198
1 0.164411 0.878099 0.009472 0.006198
1 0.880920 0.877583 0.010825 0.007231
1 0.844384 0.877583 0.010825 0.007231
1 0.820027 0.877583 0.010825 0.007231
1 0.732747 0.877583 0.009472 0.007231
1 0.239513 0.877583 0.010825 0.007231
1 0.188092 0.877583 0.010825 0.007231
1 0.441137 0.871384 0.016238 0.007231
1 0.895805 0.871384 0.010825 0.019628
0 0.112314 0.882748 0.010825 0.042355
1 0.071719 0.861570 0.005413 0.006198
1 0.799053 0.869318 0.025710 0.023760
1 0.508796 0.880682 0.430311 0.046488
1 0.218539 0.869318 0.025710 0.023760
1 0.142760 0.869318 0.025710 0.023760
1 0.591340 0.791839 0.016238 0.007231
1 0.071719 0.782025 0.005413 0.006198
1 0.491204 0.805269 0.847091 0.054752
1 0.880920 0.717975 0.010825 0.006198
1 0.867388 0.717975 0.010825 0.006198
1 0.844384 0.718492 0.010825 0.007231
1 0.820027 0.717975 0.010825 0.006198
1 0.806495 0.717975 0.010825 0.006198
1 0.729364 0.717975 0.010825 0.006198
1 0.715832 0.717975 0.010825 0.006198
1 0.677943 0.717975 0.010825 0.006198
1 0.654263 0.717975 0.009472 0.006198
1 0.566982 0.717975 0.010825 0.006198
1 0.461434 0.717975 0.010825 0.006198
1 0.388363 0.717975 0.010825 0.006198
1 0.374831 0.717975 0.010825 0.006198
1 0.351150 0.718492 0.012179 0.007231
1 0.313261 0.717975 0.009472 0.006198
1 0.299053 0.717975 0.010825 0.006198
1 0.276049 0.717975 0.010825 0.006198
1 0.239513 0.717975 0.010825 0.006198
1 0.225981 0.717975 0.010825 0.006198
1 0.188092 0.718492 0.010825 0.007231
1 0.165088 0.717975 0.010825 0.006198
1 0.767930 0.711777 0.014885 0.006198
1 0.895805 0.711777 0.010825 0.018595
1 0.491204 0.711777 0.010825 0.018595
1 0.403248 0.711777 0.010825 0.018595
1 0.327470 0.711777 0.010825 0.018595
1 0.878890 0.699380 0.014885 0.004132
1 0.799053 0.709194 0.025710 0.023760
1 0.708390 0.709194 0.025710 0.023760
1 0.632612 0.709194 0.025710 0.023760
1 0.544655 0.709194 0.025710 0.023760
1 0.473613 0.709194 0.016238 0.023760
1 0.385656 0.699380 0.016238 0.004132
1 0.311231 0.699380 0.016238 0.004132
1 0.218539 0.709194 0.025710 0.023760
1 0.142760 0.709194 0.025710 0.023760
1 0.491204 0.720558 0.847091 0.046488
1 0.854533 0.653926 0.012179 0.008264
1 0.083897 0.651343 0.005413 0.013430
1 0.077131 0.651343 0.005413 0.013430
1 0.190798 0.647727 0.010825 0.008264
1 0.832882 0.650826 0.006766 0.016529
1 0.811908 0.650310 0.008119 0.017562
1 0.791610 0.650310 0.008119 0.017562
1 0.854533 0.641529 0.012179 0.008264
1 0.703654 0.654959 0.422192 0.035124
1 0.662382 0.635331 0.012179 0.006198
1 0.476996 0.635331 0.012179 0.006198
1 0.452639 0.635847 0.012179 0.007231
1 0.416103 0.635331 0.012179 0.006198
1 0.230041 0.635331 0.010825 0.006198
1 0.646820 0.634814 0.010825 0.007231
1 0.623139 0.635331 0.012179 0.008264
1 0.585927 0.634814 0.010825 0.007231
1 0.400541 0.634814 0.010825 0.007231
1 0.306495 0.634814 0.012179 0.007231
1 0.282815 0.635331 0.010825 0.008264
1 0.215156 0.634814 0.010825 0.007231
1 0.191475 0.635331 0.012179 0.008264
1 0.166441 0.634814 0.010825 0.007231
1 0.756428 0.629132 0.010825 0.018595
1 0.702300 0.635847 0.010825 0.032025
1 0.677943 0.629132 0.010825 0.018595
1 0.531800 0.635847 0.010825 0.032025
1 0.507442 0.629132 0.010825 0.018595
1 0.361299 0.635847 0.010825 0.032025
1 0.336942 0.629132 0.010825 0.018595
1 0.246279 0.629132 0.010825 0.018595
1 0.280108 0.642045 0.422192 0.044421
1 0.071042 0.622417 0.006766 0.007231
1 0.734100 0.627583 0.025710 0.021694
1 0.563599 0.627583 0.025710 0.021694
1 0.489851 0.627583 0.016238 0.021694
1 0.393099 0.627583 0.025710 0.021694
1 0.319350 0.627583 0.016238 0.021694
1 0.144114 0.627583 0.025710 0.021694
1 0.761164 0.580062 0.012179 0.007231
1 0.591340 0.580062 0.010825 0.007231
1 0.282815 0.580062 0.010825 0.007231
1 0.191475 0.567665 0.012179 0.007231
1 0.083897 0.570764 0.005413 0.013430
1 0.077131 0.570764 0.005413 0.013430
1 0.072395 0.542872 0.006766 0.007231
1 0.797700 0.538223 0.017591 0.004132
1 0.703654 0.559917 0.422192 0.047521
1 0.280108 0.559917 0.422192 0.047521
2 0.591340 0.472624 0.016238 0.007231
2 0.072395 0.463326 0.006766 0.005165
2 0.079161 0.462810 0.006766 0.006198
1 0.491204 0.486054 0.847091 0.054752
2 0.880920 0.398760 0.010825 0.006198
2 0.867388 0.398760 0.010825 0.006198
2 0.844384 0.398760 0.010825 0.006198
2 0.820027 0.398760 0.010825 0.006198
2 0.806495 0.398760 0.010825 0.006198
2 0.729364 0.398760 0.010825 0.006198
2 0.715832 0.398760 0.010825 0.006198
2 0.677943 0.398760 0.010825 0.006198
2 0.654263 0.398760 0.009472 0.006198
2 0.566982 0.398760 0.010825 0.006198
2 0.461434 0.398760 0.010825 0.006198
2 0.388363 0.398760 0.010825 0.006198
2 0.374831 0.398760 0.010825 0.006198
2 0.351150 0.399277 0.012179 0.007231
2 0.313261 0.398760 0.009472 0.006198
2 0.299053 0.398760 0.010825 0.006198
2 0.276049 0.398760 0.010825 0.006198
2 0.239513 0.398760 0.010825 0.006198
2 0.225981 0.398760 0.010825 0.006198
2 0.188092 0.399277 0.010825 0.007231
2 0.165088 0.398760 0.010825 0.006198
2 0.767930 0.392562 0.014885 0.006198
2 0.895805 0.392562 0.010825 0.018595
2 0.491204 0.392562 0.010825 0.018595
2 0.327470 0.392562 0.010825 0.018595
2 0.403248 0.392045 0.010825 0.019628
2 0.878890 0.380165 0.014885 0.004132
2 0.799053 0.389979 0.025710 0.023760
2 0.708390 0.389979 0.025710 0.023760
2 0.632612 0.389979 0.025710 0.023760
2 0.544655 0.389979 0.025710 0.023760
2 0.473613 0.389979 0.016238 0.023760
2 0.385656 0.380165 0.016238 0.004132
2 0.311231 0.380165 0.016238 0.004132
2 0.218539 0.389979 0.025710 0.023760
2 0.142760 0.389979 0.025710 0.023760
2 0.491204 0.401343 0.847091 0.046488
2 0.854533 0.334711 0.012179 0.008264
2 0.083897 0.332128 0.005413 0.013430
2 0.077131 0.332128 0.005413 0.013430
2 0.191475 0.327996 0.012179 0.007231
2 0.832882 0.331612 0.006766 0.016529
2 0.811908 0.330579 0.008119 0.016529
2 0.895805 0.335744 0.010825 0.035124
2 0.874831 0.335744 0.012179 0.035124
2 0.854533 0.322314 0.012179 0.008264
2 0.662382 0.319215 0.009472 0.006198
2 0.476996 0.319215 0.009472 0.006198
2 0.452639 0.319215 0.009472 0.006198
2 0.416103 0.319215 0.009472 0.006198
2 0.230717 0.319215 0.009472 0.006198
2 0.646820 0.318698 0.010825 0.007231
2 0.622463 0.318698 0.010825 0.007231
2 0.585927 0.318698 0.010825 0.007231
2 0.400541 0.318698 0.010825 0.007231
2 0.307172 0.318698 0.010825 0.007231
2 0.282815 0.318698 0.010825 0.007231
2 0.215156 0.318698 0.010825 0.007231
2 0.191475 0.318698 0.012179 0.007231
2 0.166441 0.318698 0.010825 0.007231
2 0.792963 0.312500 0.010825 0.019628
2 0.756428 0.312500 0.010825 0.019628
2 0.702300 0.317149 0.010825 0.028926
2 0.677943 0.312500 0.010825 0.019628
2 0.531800 0.317149 0.010825 0.028926
2 0.507442 0.312500 0.010825 0.019628
2 0.361299 0.317149 0.010825 0.028926
2 0.336942 0.312500 0.010825 0.019628
2 0.246279 0.312500 0.010825 0.019628
2 0.112314 0.312500 0.010825 0.019628
2 0.734100 0.310434 0.025710 0.023760
2 0.659675 0.300620 0.017591 0.004132
2 0.563599 0.310434 0.025710 0.023760
2 0.489175 0.310434 0.017591 0.023760
2 0.393099 0.310434 0.025710 0.023760
2 0.319350 0.310434 0.016238 0.023760
2 0.228011 0.300620 0.017591 0.004132
2 0.144114 0.310434 0.025710 0.023760
2 0.071719 0.224174 0.005413 0.004132
2 0.491881 0.241736 0.845737 0.045455
2 0.512179 0.172004 0.805142 0.025826
2 0.531800 0.149793 0.013532 0.012397
2 0.210419 0.143079 0.012179 0.007231
2 0.199594 0.143079 0.006766 0.007231
2 0.186739 0.143079 0.016238 0.007231
2 0.223275 0.144112 0.010825 0.011364
2 0.171854 0.141012 0.010825 0.011364
2 0.173884 0.126033 0.006766 0.010331
2 0.196211 0.125517 0.010825 0.011364
2 0.185386 0.125517 0.010825 0.011364
2 0.139378 0.124483 0.008119 0.015496
2 0.911367 0.113120 0.006766 0.005165
2 0.896482 0.112603 0.006766 0.006198
2 0.888363 0.112603 0.006766 0.006198
2 0.851827 0.112603 0.012179 0.006198
2 0.830853 0.112603 0.005413 0.006198
2 0.879567 0.111054 0.008119 0.009298
2 0.870095 0.110021 0.008119 0.007231
2 0.824087 0.110537 0.005413 0.008264
2 0.818674 0.111054 0.005413 0.009298
2 0.571719 0.098657 0.014885 0.009298
2 0.557510 0.099174 0.010825 0.010331
2 0.545332 0.098657 0.010825 0.009298
2 0.531800 0.098657 0.010825 0.009298
2 0.514208 0.098657 0.021651 0.009298
2 0.495264 0.099174 0.013532 0.010331
2 0.454668 0.098657 0.010825 0.009298
2 0.441137 0.098657 0.013532 0.009298
2 0.428281 0.099174 0.012179 0.010331
2 0.477673 0.096074 0.016238 0.014463
2 0.411367 0.096074 0.018945 0.014463
2 0.506089 0.067149 0.010825 0.012397
2 0.541949 0.066632 0.020298 0.013430
2 0.520974 0.067149 0.016238 0.014463
2 0.491881 0.066632 0.014885 0.013430
2 0.461434 0.069731 0.018945 0.019628
2 0.443843 0.067149 0.016238 0.014463
2 0.421516 0.063533 0.023004 0.019628
2 0.563599 0.063533 0.017591 0.021694
2 0.479702 0.063017 0.014885 0.020661