0 0.841184 0.899897 0.010767 0.008256
0 0.768506 0.899897 0.010767 0.008256
0 0.730148 0.899897 0.012113 0.008256
0 0.700538 0.899897 0.012113 0.008256
0 0.670929 0.899897 0.012113 0.008256
0 0.654105 0.899897 0.010767 0.008256
0 0.456258 0.899897 0.010767 0.008256
0 0.438762 0.899897 0.010767 0.008256
0 0.403769 0.899897 0.010767 0.008256
0 0.374159 0.899897 0.010767 0.008256
0 0.344549 0.899897 0.010767 0.008256
0 0.274563 0.899897 0.010767 0.008256
0 0.180350 0.899897 0.010767 0.008256
0 0.163526 0.899897 0.012113 0.008256
0 0.713324 0.886997 0.010767 0.007224
0 0.636608 0.886997 0.010767 0.007224
0 0.473082 0.886997 0.012113 0.007224
0 0.146703 0.886997 0.010767 0.007224
0 0.083445 0.890093 0.005384 0.013416
0 0.076716 0.890093 0.005384 0.013416
1 0.823015 0.874613 0.012113 0.007224
1 0.730148 0.875129 0.012113 0.008256
1 0.275236 0.875129 0.012113 0.008256
1 0.181023 0.875129 0.012113 0.008256
1 0.163526 0.874613 0.012113 0.007224
1 0.146030 0.875129 0.012113 0.008256
1 0.841184 0.871517 0.016151 0.007224
1 0.767160 0.871517 0.016151 0.007224
1 0.078735 0.862229 0.006729 0.007224
1 0.070659 0.862229 0.006729 0.007224
1 0.725437 0.857585 0.018843 0.004128
1 0.236205 0.879773 0.020188 0.048504
1 0.136608 0.879773 0.063257 0.048504
1 0.689771 0.854489 0.030956 0.004128
1 0.498654 0.878225 0.440108 0.051600
1 0.364065 0.854489 0.030956 0.004128
1 0.206595 0.878225 0.044415 0.051600
1 0.872140 0.877709 0.053836 0.052632
1 0.800808 0.877709 0.056528 0.052632
1 0.730148 0.839525 0.009421 0.005160
1 0.823015 0.835397 0.009421 0.007224
1 0.804172 0.834365 0.009421 0.007224
1 0.860027 0.811146 0.010767 0.008256
1 0.808883 0.811146 0.010767 0.008256
1 0.769852 0.811146 0.010767 0.008256
1 0.683715 0.811146 0.010767 0.008256
1 0.631898 0.811146 0.012113 0.008256
1 0.593540 0.811146 0.010767 0.008256
1 0.506729 0.811146 0.012113 0.008256
1 0.455585 0.811146 0.012113 0.008256
1 0.416555 0.811146 0.012113 0.008256
1 0.297443 0.811146 0.010767 0.008256
1 0.217362 0.811146 0.012113 0.008256
1 0.695828 0.798246 0.010767 0.007224
1 0.519515 0.798246 0.010767 0.007224
1 0.132571 0.802374 0.006729 0.015480
1 0.083445 0.801342 0.005384 0.013416
1 0.076716 0.801342 0.005384 0.013416
1 0.154778 0.801342 0.008075 0.015480
1 0.109690 0.801342 0.006729 0.017544
1 0.216689 0.782766 0.016151 0.007224
1 0.079408 0.772962 0.005384 0.006192
1 0.489233 0.788958 0.841184 0.052632
1 0.179677 0.755418 0.009421 0.004128
1 0.891655 0.749742 0.009421 0.007224
1 0.755047 0.722394 0.010767 0.008256
1 0.677658 0.722394 0.012113 0.008256
1 0.606999 0.722394 0.010767 0.008256
1 0.222073 0.722394 0.010767 0.008256
1 0.193136 0.722394 0.012113 0.008256
1 0.790040 0.708978 0.008075 0.006192
1 0.308210 0.724974 0.061911 0.038184
1 0.299462 0.710010 0.012113 0.008256
1 0.265141 0.710010 0.010767 0.008256
1 0.239569 0.724974 0.045760 0.038184
1 0.221400 0.710010 0.012113 0.008256
1 0.204576 0.708978 0.008075 0.006192
1 0.083445 0.712590 0.005384 0.013416
1 0.076716 0.712590 0.005384 0.013416
1 0.835128 0.712590 0.006729 0.017544
1 0.078735 0.684727 0.006729 0.007224
1 0.072005 0.684727 0.006729 0.007224
1 0.489233 0.700206 0.841184 0.052632
1 0.806864 0.674407 0.009421 0.007224
1 0.754374 0.660991 0.009421 0.007224
1 0.253028 0.647575 0.010767 0.015480
1 0.751009 0.633127 0.010767 0.007224
1 0.656797 0.633127 0.010767 0.007224
1 0.619785 0.633643 0.012113 0.008256
1 0.597577 0.633127 0.010767 0.007224
1 0.529610 0.633643 0.012113 0.008256
1 0.494616 0.633643 0.012113 0.008256
1 0.457604 0.633127 0.010767 0.007224
1 0.397039 0.633127 0.010767 0.007224
1 0.351279 0.633127 0.010767 0.007224
1 0.327725 0.633643 0.012113 0.008256
1 0.253028 0.634159 0.010767 0.009288
1 0.228129 0.623323 0.009421 0.008256
1 0.868775 0.620743 0.012113 0.007224
1 0.773217 0.620743 0.012113 0.007224
1 0.374159 0.620743 0.010767 0.007224
1 0.158143 0.620743 0.012113 0.007224
1 0.127187 0.620743 0.012113 0.007224
1 0.083445 0.623839 0.005384 0.013416
1 0.076716 0.623839 0.005384 0.013416
1 0.327052 0.605263 0.016151 0.007224
1 0.072005 0.595975 0.006729 0.007224
1 0.489233 0.611971 0.841184 0.051600
1 0.366756 0.587719 0.071332 0.005160
1 0.335128 0.556760 0.053836 0.019608
1 0.129879 0.556760 0.047106 0.019608
1 0.805518 0.544376 0.012113 0.007224
1 0.728129 0.544376 0.010767 0.007224
1 0.541723 0.544892 0.012113 0.008256
1 0.399731 0.544892 0.010767 0.008256
1 0.312921 0.544892 0.012113 0.008256
1 0.111036 0.544892 0.012113 0.008256
1 0.853297 0.531992 0.010767 0.007224
1 0.751682 0.531992 0.012113 0.007224
1 0.083445 0.535088 0.005384 0.013416
1 0.076716 0.535088 0.005384 0.013416
1 0.111709 0.517028 0.016151 0.006192
1 0.804845 0.516512 0.016151 0.007224
1 0.489233 0.531476 0.841184 0.070175
1 0.665545 0.500000 0.009421 0.007224
1 0.648048 0.500000 0.009421 0.007224
1 0.595559 0.500000 0.009421 0.007224
1 0.578062 0.500000 0.009421 0.007224
1 0.522880 0.500000 0.006729 0.007224
1 0.506729 0.500000 0.009421 0.007224
1 0.435397 0.500000 0.009421 0.007224
1 0.365410 0.500000 0.009421 0.007224
1 0.346568 0.500000 0.006729 0.007224
1 0.295424 0.500000 0.009421 0.007224
1 0.277927 0.500000 0.009421 0.007224
1 0.226783 0.500000 0.009421 0.007224
1 0.209287 0.500000 0.009421 0.007224
1 0.158143 0.500000 0.006729 0.007224
1 0.139300 0.500000 0.009421 0.007224
1 0.727456 0.479876 0.009421 0.008256
1 0.884926 0.455624 0.012113 0.007224
1 0.849260 0.455624 0.010767 0.007224
1 0.607672 0.455624 0.012113 0.007224
1 0.572005 0.455624 0.010767 0.007224
1 0.476447 0.455624 0.010767 0.007224
1 0.446837 0.455624 0.010767 0.007224
1 0.269179 0.456140 0.010767 0.008256
1 0.189771 0.456140 0.010767 0.008256
1 0.111036 0.456140 0.012113 0.008256
2 0.884253 0.427761 0.016151 0.007224
2 0.849260 0.427761 0.016151 0.007224
2 0.606999 0.427761 0.016151 0.007224
2 0.572005 0.427761 0.016151 0.007224
2 0.446837 0.427761 0.016151 0.007224
2 0.077389 0.418473 0.006729 0.007224
1 0.489233 0.442724 0.841184 0.070175
2 0.466353 0.410217 0.030956 0.005160
2 0.409825 0.411249 0.006729 0.007224
2 0.386945 0.411249 0.006729 0.007224
2 0.329071 0.411249 0.009421 0.007224
2 0.308883 0.411249 0.009421 0.007224
2 0.249664 0.410217 0.009421 0.005160
2 0.170256 0.411249 0.009421 0.007224
2 0.151413 0.411249 0.009421 0.007224
2 0.475774 0.391125 0.009421 0.008256
2 0.844549 0.362229 0.012113 0.008256
2 0.721400 0.362229 0.010767 0.008256
2 0.381561 0.361713 0.012113 0.007224
2 0.333782 0.361713 0.010767 0.007224
2 0.279273 0.361713 0.012113 0.007224
2 0.244280 0.361713 0.012113 0.007224
2 0.183715 0.361713 0.012113 0.007224
2 0.129879 0.361713 0.012113 0.007224
2 0.489233 0.349329 0.841184 0.069143
2 0.891655 0.317337 0.009421 0.007224
2 0.875505 0.317337 0.009421 0.007224
2 0.829744 0.317337 0.009421 0.007224
2 0.767833 0.316305 0.009421 0.005160
2 0.753028 0.317337 0.009421 0.007224
2 0.707268 0.317337 0.009421 0.007224
2 0.689771 0.317337 0.006729 0.007224
2 0.862046 0.272962 0.012113 0.007224
2 0.833109 0.272962 0.010767 0.007224
2 0.781292 0.272962 0.012113 0.007224
2 0.764468 0.272962 0.010767 0.007224
2 0.729475 0.272962 0.010767 0.007224
2 0.653432 0.272962 0.012113 0.007224
2 0.537685 0.272962 0.012113 0.007224
2 0.508075 0.272962 0.012113 0.007224
2 0.491252 0.272962 0.010767 0.007224
2 0.456931 0.272962 0.012113 0.007224
2 0.440108 0.272962 0.010767 0.007224
2 0.405114 0.272962 0.010767 0.007224
2 0.375505 0.272962 0.010767 0.007224
2 0.294751 0.272962 0.010767 0.007224
2 0.212651 0.272962 0.010767 0.007224
2 0.182369 0.272962 0.012113 0.007224
2 0.164872 0.272962 0.012113 0.007224
2 0.851952 0.228070 0.029610 0.004128
2 0.201884 0.228070 0.032301 0.004128
2 0.489233 0.250774 0.841184 0.051600
2 0.728802 0.211558 0.009421 0.008256
2 0.847914 0.184727 0.010767 0.008256
2 0.819650 0.184727 0.010767 0.008256
2 0.797443 0.184727 0.012113 0.008256
2 0.724092 0.184211 0.010767 0.007224
2 0.634590 0.184211 0.012113 0.007224
2 0.583445 0.184211 0.012113 0.007224
2 0.545087 0.184211 0.010767 0.007224
2 0.525572 0.184211 0.012113 0.007224
2 0.490579 0.184211 0.012113 0.007224
2 0.427322 0.184211 0.012113 0.007224
2 0.191117 0.184211 0.010767 0.007224
2 0.509421 0.171311 0.800808 0.070175
2 0.195828 0.125903 0.009421 0.010320
2 0.183715 0.125903 0.009421 0.010320
2 0.172948 0.125903 0.006729 0.010320
2 0.138627 0.124871 0.008075 0.016512
2 0.906460 0.114035 0.006729 0.005160
2 0.891655 0.113519 0.006729 0.006192
2 0.883580 0.113519 0.006729 0.006192
2 0.847241 0.113519 0.012113 0.006192
2 0.826380 0.113519 0.005384 0.006192
2 0.874832 0.111971 0.008075 0.009288
2 0.865410 0.110939 0.008075 0.007224
2 0.819650 0.111455 0.005384 0.008256
2 0.814266 0.111971 0.005384 0.009288
2 0.576716 0.099587 0.009421 0.009288
2 0.563930 0.101651 0.013459 0.013416
2 0.550471 0.099587 0.010767 0.009288
2 0.520861 0.099587 0.013459 0.009288
2 0.506057 0.100103 0.010767 0.010320
2 0.460969 0.100103 0.009421 0.010320
2 0.450875 0.099587 0.005384 0.009288
2 0.431359 0.099587 0.009421 0.009288
2 0.419919 0.099587 0.010767 0.009288
2 0.442127 0.098555 0.009421 0.013416
2 0.536339 0.097007 0.014805 0.014448
2 0.487214 0.097007 0.024226 0.014448
2 0.403769 0.097007 0.018843 0.014448
2 0.617766 0.068111 0.021534 0.012384
2 0.637954 0.067595 0.013459 0.013416
2 0.597577 0.068111 0.016151 0.014448
2 0.580754 0.067595 0.014805 0.013416
2 0.563257 0.068111 0.014805 0.014448
2 0.545087 0.070691 0.018843 0.019608
2 0.524226 0.067595 0.020188 0.013416
2 0.503365 0.068111 0.016151 0.014448
2 0.447510 0.067595 0.014805 0.013416
2 0.430013 0.068111 0.014805 0.014448
2 0.391655 0.067595 0.013459 0.013416
2 0.478466 0.064499 0.025572 0.019608
2 0.374832 0.064499 0.012113 0.019608
2 0.343876 0.064499 0.025572 0.019608
2 0.417900 0.063983 0.014805 0.020640