0 0.865986 0.900000 0.012245 0.008247
0 0.721088 0.887113 0.010884 0.007216
0 0.557823 0.887113 0.010884 0.007216
0 0.224490 0.887113 0.010884 0.007216
0 0.085714 0.890206 0.005442 0.013402
0 0.078912 0.890206 0.005442 0.013402
1 0.865986 0.875258 0.012245 0.008247
1 0.829252 0.874742 0.012245 0.007216
1 0.792517 0.874742 0.012245 0.007216
1 0.223810 0.874742 0.012245 0.007216
1 0.187075 0.874742 0.012245 0.007216
1 0.132653 0.874742 0.012245 0.007216
1 0.080952 0.862371 0.006803 0.007216
1 0.874150 0.873196 0.066667 0.035052
1 0.802041 0.879897 0.066667 0.048454
1 0.219728 0.879897 0.055782 0.048454
1 0.140816 0.879897 0.066667 0.048454
1 0.508163 0.877835 0.472109 0.052577
1 0.131973 0.792268 0.016327 0.007216
1 0.073469 0.782474 0.005442 0.006186
1 0.081633 0.781959 0.005442 0.007216
1 0.399320 0.778351 0.055782 0.004124
1 0.495238 0.797938 0.851701 0.051546
1 0.690476 0.715979 0.012245 0.007216
1 0.672789 0.715979 0.012245 0.007216
1 0.602721 0.715979 0.010884 0.007216
1 0.585714 0.715979 0.012245 0.007216
1 0.550340 0.715979 0.012245 0.007216
1 0.480272 0.715979 0.010884 0.007216
1 0.463265 0.715979 0.012245 0.007216
1 0.357823 0.715979 0.010884 0.007216
1 0.340816 0.715979 0.012245 0.007216
1 0.271429 0.715979 0.012245 0.007216
1 0.236054 0.715979 0.012245 0.007216
1 0.218367 0.715979 0.012245 0.007216
1 0.165986 0.715979 0.010884 0.007216
1 0.148980 0.715979 0.012245 0.007216
1 0.131293 0.715979 0.012245 0.007216
1 0.756463 0.705155 0.008163 0.006186
1 0.495238 0.729381 0.851701 0.067010
1 0.140136 0.707732 0.062585 0.023711
1 0.655102 0.689175 0.009524 0.005155
1 0.532653 0.689175 0.009524 0.005155
1 0.707483 0.688144 0.010884 0.007216
1 0.690476 0.688144 0.009524 0.007216
1 0.672789 0.688144 0.009524 0.007216
1 0.637415 0.688144 0.009524 0.007216
1 0.621088 0.688144 0.009524 0.007216
1 0.603401 0.688144 0.009524 0.007216
1 0.585714 0.688144 0.009524 0.007216
1 0.550340 0.688144 0.009524 0.007216
1 0.514966 0.688144 0.009524 0.007216
1 0.498639 0.688144 0.009524 0.007216
1 0.085714 0.652062 0.005442 0.013402
1 0.078912 0.652062 0.005442 0.013402
1 0.884354 0.648454 0.010884 0.008247
1 0.810204 0.648454 0.012245 0.008247
1 0.719728 0.648454 0.010884 0.008247
1 0.644898 0.648454 0.010884 0.008247
1 0.555102 0.648454 0.010884 0.008247
1 0.225170 0.648454 0.012245 0.008247
1 0.883673 0.636598 0.012245 0.007216
1 0.846259 0.636082 0.010884 0.006186
1 0.719048 0.636598 0.012245 0.007216
1 0.681633 0.636082 0.010884 0.006186
1 0.554422 0.636598 0.012245 0.007216
1 0.461905 0.636082 0.012245 0.006186
1 0.297279 0.636082 0.012245 0.006186
1 0.169388 0.636082 0.012245 0.006186
1 0.131973 0.636082 0.010884 0.006186
1 0.810204 0.636082 0.012245 0.008247
1 0.645578 0.636082 0.012245 0.008247
1 0.626531 0.635567 0.012245 0.007216
1 0.517007 0.635567 0.010884 0.007216
1 0.352381 0.635567 0.010884 0.007216
1 0.334014 0.635567 0.012245 0.007216
1 0.225170 0.636082 0.012245 0.008247
1 0.072789 0.623196 0.006803 0.007216
1 0.878912 0.628351 0.057143 0.021649
1 0.636054 0.628351 0.066667 0.021649
1 0.549660 0.628351 0.057143 0.021649
1 0.215646 0.628351 0.066667 0.021649
1 0.708844 0.640722 0.424490 0.048454
1 0.306803 0.634536 0.066667 0.036082
1 0.287755 0.640722 0.434014 0.048454
1 0.363946 0.580928 0.012245 0.007216
1 0.204082 0.580928 0.010884 0.007216
1 0.575510 0.574742 0.010884 0.007216
1 0.563265 0.574742 0.010884 0.007216
1 0.813605 0.568557 0.010884 0.007216
1 0.221769 0.568557 0.010884 0.007216
1 0.085714 0.571649 0.005442 0.013402
1 0.078912 0.571649 0.005442 0.013402
1 0.080952 0.543814 0.006803 0.007216
1 0.072789 0.543814 0.006803 0.007216
1 0.808844 0.539175 0.055782 0.004124
1 0.282993 0.560825 0.424490 0.047423
1 0.708844 0.558763 0.424490 0.051546
2 0.074150 0.464433 0.006803 0.005155
2 0.495238 0.479381 0.851701 0.051546
2 0.884354 0.397423 0.010884 0.007216
2 0.846259 0.397423 0.010884 0.007216
2 0.810204 0.397423 0.012245 0.007216
2 0.719728 0.397423 0.010884 0.007216
2 0.681633 0.397423 0.010884 0.007216
2 0.645578 0.397423 0.012245 0.007216
2 0.627211 0.397423 0.010884 0.007216
2 0.554422 0.397423 0.012245 0.007216
2 0.517007 0.397423 0.010884 0.007216
2 0.389796 0.397423 0.012245 0.007216
2 0.352381 0.397423 0.010884 0.007216
2 0.334694 0.397423 0.010884 0.007216
2 0.225170 0.397423 0.012245 0.007216
2 0.170068 0.397423 0.010884 0.007216
2 0.080952 0.384021 0.006803 0.007216
2 0.495238 0.402062 0.851701 0.047423
2 0.271429 0.342784 0.012245 0.007216
2 0.235374 0.342784 0.010884 0.007216
2 0.196599 0.342784 0.012245 0.007216
2 0.858503 0.342268 0.010884 0.008247
2 0.174150 0.329897 0.005442 0.004124
2 0.085714 0.333505 0.005442 0.013402
2 0.078912 0.333505 0.005442 0.013402
2 0.791837 0.329381 0.010884 0.007216
2 0.682313 0.327835 0.012245 0.004124
2 0.486395 0.329897 0.012245 0.008247
2 0.358503 0.329897 0.012245 0.008247
2 0.210884 0.343299 0.040816 0.035052
2 0.525850 0.332990 0.006803 0.016495
2 0.397959 0.332990 0.006803 0.016495
2 0.582993 0.332474 0.006803 0.017526
2 0.455102 0.332474 0.006803 0.017526
2 0.327211 0.332474 0.006803 0.017526
2 0.112245 0.332474 0.006803 0.017526
2 0.857823 0.318041 0.012245 0.007216
2 0.791156 0.318041 0.012245 0.007216
2 0.835374 0.317010 0.010884 0.007216
2 0.768707 0.317010 0.010884 0.007216
2 0.614286 0.322680 0.012245 0.022680
2 0.556463 0.322680 0.010884 0.022680
2 0.428571 0.322680 0.010884 0.022680
2 0.300680 0.322680 0.010884 0.022680
2 0.145578 0.322680 0.010884 0.022680
2 0.873469 0.316495 0.068027 0.035052
2 0.778912 0.320103 0.080272 0.052577
2 0.682993 0.269072 0.010884 0.020619
2 0.634694 0.270103 0.036735 0.022680
2 0.312925 0.262887 0.010884 0.008247
2 0.277551 0.262887 0.010884 0.008247
2 0.252381 0.262887 0.012245 0.008247
2 0.495918 0.256701 0.850340 0.049485
2 0.516327 0.177320 0.809524 0.051546
2 0.199320 0.143299 0.009524 0.010309
2 0.187075 0.143299 0.009524 0.010309
2 0.176190 0.143299 0.006803 0.010309
2 0.141497 0.142268 0.008163 0.016495
2 0.559864 0.100515 0.009524 0.009278
2 0.546939 0.100515 0.010884 0.009278
2 0.533333 0.100515 0.010884 0.009278
2 0.521088 0.100515 0.010884 0.009278
2 0.453061 0.100515 0.010884 0.009278
2 0.480952 0.100000 0.014966 0.010309
2 0.466667 0.100000 0.010884 0.010309
2 0.506122 0.097938 0.016327 0.014433
2 0.436054 0.097938 0.020408 0.014433
2 0.628571 0.068557 0.013605 0.013402
2 0.576190 0.069072 0.017687 0.014433
2 0.521769 0.071649 0.017687 0.019588
2 0.482993 0.069072 0.016327 0.014433
2 0.443537 0.071649 0.019048 0.019588
2 0.425170 0.068557 0.014966 0.013402
2 0.407483 0.069072 0.014966 0.014433
2 0.389116 0.068557 0.019048 0.013402
2 0.554422 0.065464 0.023129 0.019588
2 0.365306 0.065464 0.023129 0.019588
2 0.608844 0.064948 0.020408 0.020619
2 0.591837 0.064948 0.008163 0.020619
2 0.503401 0.065464 0.019048 0.021649
2 0.462585 0.065464 0.019048 0.021649