0 0.838881 0.914345 0.069241 0.012384
1 0.336218 0.856553 0.025300 0.004128
1 0.854194 0.855005 0.009321 0.005160
1 0.485353 0.885965 0.834887 0.069143
1 0.183755 0.855521 0.039947 0.008256
1 0.876831 0.853973 0.009321 0.007224
1 0.741678 0.836429 0.010652 0.007224
1 0.719707 0.836429 0.009321 0.007224
1 0.549268 0.836429 0.009321 0.007224
1 0.526631 0.835397 0.009321 0.005160
1 0.342876 0.836429 0.009321 0.007224
1 0.318908 0.836429 0.009321 0.007224
1 0.135153 0.836429 0.009321 0.007224
1 0.111851 0.836429 0.010652 0.007224
1 0.688415 0.809598 0.010652 0.007224
1 0.835553 0.809082 0.011984 0.008256
1 0.736352 0.809082 0.010652 0.008256
1 0.704394 0.809082 0.010652 0.008256
1 0.641145 0.809082 0.011984 0.008256
1 0.625166 0.809082 0.011984 0.008256
1 0.555260 0.809082 0.010652 0.008256
1 0.538615 0.809082 0.011984 0.008256
1 0.318908 0.809082 0.011984 0.008256
1 0.302264 0.809082 0.010652 0.008256
1 0.225699 0.798762 0.009321 0.008256
1 0.720373 0.796698 0.010652 0.008256
1 0.657124 0.796182 0.011984 0.007224
1 0.529960 0.795666 0.010652 0.006192
1 0.498003 0.796182 0.010652 0.007224
1 0.126498 0.799794 0.063915 0.014448
1 0.083888 0.799278 0.005326 0.013416
1 0.077230 0.799278 0.005326 0.013416
1 0.203063 0.799278 0.006658 0.017544
1 0.181758 0.799278 0.006658 0.017544
1 0.860186 0.805986 0.058589 0.049536
1 0.835553 0.784830 0.011984 0.007224
1 0.737017 0.784314 0.011984 0.006192
1 0.721039 0.784830 0.011984 0.007224
1 0.705060 0.784830 0.011984 0.007224
1 0.689081 0.784830 0.011984 0.007224
1 0.564581 0.805986 0.061252 0.049536
1 0.555925 0.784830 0.011984 0.007224
1 0.537284 0.784830 0.014647 0.007224
1 0.497337 0.784830 0.011984 0.007224
1 0.428096 0.784830 0.011984 0.007224
1 0.301598 0.784830 0.011984 0.007224
1 0.673103 0.783798 0.011984 0.007224
1 0.657124 0.783798 0.011984 0.007224
1 0.641145 0.784314 0.011984 0.008256
1 0.625166 0.784314 0.011984 0.008256
1 0.514647 0.783798 0.011984 0.007224
1 0.318908 0.784314 0.011984 0.008256
1 0.266977 0.783798 0.011984 0.007224
1 0.253662 0.783798 0.011984 0.007224
1 0.240346 0.783798 0.011984 0.007224
1 0.126498 0.778122 0.010652 0.012384
1 0.795606 0.788958 0.059920 0.048504
1 0.653795 0.766770 0.050599 0.004128
1 0.472037 0.788958 0.027963 0.048504
1 0.314913 0.766770 0.017310 0.004128
1 0.258322 0.766770 0.029294 0.004128
1 0.884154 0.766254 0.010652 0.005160
1 0.868842 0.765222 0.009321 0.007224
1 0.517310 0.763674 0.030626 0.004128
1 0.377497 0.796182 0.094541 0.069143
1 0.269640 0.755934 0.011984 0.005160
1 0.254993 0.755934 0.011984 0.005160
1 0.625166 0.748710 0.009321 0.005160
1 0.463382 0.748710 0.010652 0.005160
1 0.787617 0.747678 0.009321 0.007224
1 0.771638 0.747678 0.009321 0.007224
1 0.641145 0.747678 0.009321 0.007224
1 0.480027 0.747678 0.009321 0.007224
1 0.318908 0.747678 0.009321 0.007224
1 0.301598 0.747678 0.009321 0.007224
1 0.847537 0.730650 0.011984 0.008256
1 0.776298 0.730650 0.010652 0.008256
1 0.685752 0.730650 0.010652 0.008256
1 0.614514 0.730650 0.011984 0.008256
1 0.596538 0.730650 0.010652 0.008256
1 0.506658 0.730650 0.011984 0.008256
1 0.434754 0.730650 0.011984 0.008256
1 0.344874 0.730650 0.010652 0.008256
1 0.201731 0.730650 0.011984 0.008256
1 0.130493 0.730650 0.010652 0.008256
1 0.083888 0.721878 0.005326 0.013416
1 0.077230 0.721878 0.005326 0.013416
1 0.865513 0.718266 0.010652 0.008256
1 0.471372 0.717750 0.010652 0.007224
1 0.381491 0.718266 0.011984 0.008256
1 0.309587 0.718266 0.011984 0.008256
1 0.219707 0.718266 0.010652 0.008256
1 0.866178 0.706398 0.011984 0.007224
1 0.847537 0.706398 0.011984 0.007224
1 0.856858 0.727554 0.065246 0.049536
1 0.775632 0.706398 0.011984 0.007224
1 0.722370 0.706398 0.011984 0.007224
1 0.686418 0.706398 0.011984 0.007224
1 0.691079 0.727554 0.055925 0.049536
1 0.650466 0.705882 0.011984 0.006192
1 0.561252 0.706398 0.011984 0.007224
1 0.529294 0.727554 0.054594 0.049536
1 0.506658 0.706398 0.011984 0.007224
1 0.434754 0.706398 0.011984 0.007224
1 0.381491 0.706398 0.011984 0.007224
1 0.372170 0.727554 0.065246 0.049536
1 0.345539 0.706398 0.011984 0.007224
1 0.309587 0.706398 0.011984 0.007224
1 0.220373 0.706398 0.011984 0.007224
1 0.201731 0.706398 0.011984 0.007224
1 0.211052 0.727554 0.065246 0.049536
1 0.129827 0.706398 0.011984 0.007224
1 0.614514 0.705882 0.011984 0.008256
1 0.595872 0.705882 0.011984 0.008256
1 0.488682 0.705366 0.010652 0.007224
1 0.470706 0.705882 0.011984 0.008256
1 0.071904 0.692982 0.005326 0.007224
1 0.784953 0.711042 0.065246 0.047472
1 0.628495 0.704850 0.055925 0.035088
1 0.466045 0.711042 0.055925 0.047472
1 0.300266 0.711042 0.065246 0.047472
1 0.139148 0.711042 0.065246 0.047472
1 0.884154 0.687822 0.010652 0.005160
1 0.756991 0.670279 0.009321 0.005160
1 0.614514 0.670279 0.009321 0.005160
1 0.775632 0.669247 0.009321 0.007224
1 0.595872 0.669247 0.009321 0.007224
1 0.434754 0.669247 0.009321 0.007224
1 0.290945 0.669247 0.009321 0.007224
1 0.272969 0.669247 0.010652 0.007224
1 0.865513 0.640351 0.010652 0.007224
1 0.219707 0.640351 0.010652 0.007224
1 0.083888 0.643447 0.005326 0.013416
1 0.077230 0.643447 0.005326 0.013416
1 0.720373 0.639835 0.007989 0.008256
1 0.471372 0.639835 0.010652 0.008256
1 0.381491 0.639835 0.011984 0.008256
1 0.309587 0.639835 0.011984 0.008256
1 0.866178 0.627967 0.011984 0.007224
1 0.847537 0.627967 0.011984 0.007224
1 0.775632 0.627967 0.011984 0.007224
1 0.722370 0.627967 0.011984 0.007224
1 0.686418 0.627967 0.011984 0.007224
1 0.649800 0.627451 0.010652 0.006192
1 0.561252 0.627967 0.011984 0.007224
1 0.506658 0.627967 0.011984 0.007224
1 0.434754 0.627967 0.011984 0.007224
1 0.381491 0.627967 0.011984 0.007224
1 0.345539 0.627967 0.011984 0.007224
1 0.309587 0.627967 0.011984 0.007224
1 0.220373 0.627967 0.011984 0.007224
1 0.202397 0.627967 0.010652 0.007224
1 0.129827 0.627967 0.011984 0.007224
1 0.614514 0.627451 0.011984 0.008256
1 0.595872 0.627451 0.011984 0.008256
1 0.488682 0.626935 0.010652 0.007224
1 0.470706 0.627451 0.011984 0.008256
1 0.381491 0.617647 0.011984 0.005160
1 0.079893 0.614551 0.005326 0.007224
1 0.071904 0.614551 0.005326 0.007224
1 0.694407 0.642415 0.416778 0.067079
1 0.628495 0.626419 0.055925 0.035088
1 0.281625 0.640351 0.424767 0.062951
1 0.400133 0.607843 0.009321 0.008256
1 0.129827 0.590815 0.009321 0.007224
1 0.111185 0.590815 0.009321 0.007224
1 0.083888 0.565015 0.005326 0.013416
1 0.077230 0.565015 0.005326 0.013416
1 0.866178 0.561404 0.011984 0.008256
1 0.796272 0.561404 0.010652 0.008256
1 0.707723 0.561404 0.011984 0.008256
1 0.637816 0.561404 0.010652 0.008256
1 0.479361 0.561404 0.010652 0.008256
1 0.390812 0.561404 0.011984 0.008256
1 0.320905 0.561404 0.010652 0.008256
1 0.230360 0.561404 0.010652 0.008256
1 0.150466 0.561404 0.010652 0.008256
1 0.866178 0.549536 0.011984 0.007224
1 0.848202 0.549536 0.010652 0.007224
1 0.778296 0.549536 0.011984 0.007224
1 0.707723 0.549536 0.011984 0.007224
1 0.689747 0.549536 0.010652 0.007224
1 0.637150 0.549536 0.011984 0.007224
1 0.549268 0.549536 0.011984 0.007224
1 0.478695 0.549536 0.011984 0.007224
1 0.408788 0.549536 0.010652 0.007224
1 0.390812 0.549536 0.011984 0.007224
1 0.320240 0.549536 0.011984 0.007224
1 0.250333 0.549536 0.010652 0.007224
1 0.231025 0.549536 0.011984 0.007224
1 0.149800 0.549536 0.011984 0.007224
1 0.796272 0.549020 0.010652 0.008256
1 0.619840 0.549020 0.011984 0.008256
1 0.461385 0.549020 0.011984 0.008256
1 0.302929 0.549020 0.011984 0.008256
1 0.130493 0.549020 0.010652 0.008256
1 0.567244 0.539732 0.010652 0.006192
1 0.549268 0.539732 0.011984 0.006192
1 0.071904 0.536120 0.005326 0.007224
1 0.694407 0.561920 0.416778 0.062951
1 0.285619 0.560372 0.432756 0.066047
1 0.619840 0.512384 0.009321 0.007224
1 0.601864 0.512384 0.010652 0.007224
1 0.302929 0.512384 0.009321 0.007224
1 0.284288 0.512384 0.009321 0.007224
1 0.790280 0.482972 0.011984 0.008256
1 0.478029 0.482972 0.010652 0.008256
1 0.314248 0.482972 0.010652 0.008256
1 0.225699 0.482972 0.011984 0.008256
1 0.848868 0.471104 0.011984 0.007224
1 0.830226 0.471104 0.014647 0.007224
1 0.808256 0.470588 0.010652 0.006192
1 0.790280 0.471104 0.011984 0.007224
1 0.772969 0.471104 0.011984 0.007224
1 0.701065 0.471104 0.011984 0.007224
1 0.624501 0.471104 0.010652 0.007224
1 0.519308 0.471104 0.010652 0.007224
1 0.495340 0.470588 0.010652 0.006192
1 0.478029 0.471104 0.010652 0.007224
1 0.460053 0.471104 0.011984 0.007224
1 0.442743 0.471104 0.011984 0.007224
1 0.314248 0.471104 0.010652 0.007224
1 0.296937 0.471104 0.010652 0.007224
1 0.278961 0.471104 0.011984 0.007224
1 0.225699 0.471104 0.011984 0.007224
1 0.188415 0.471104 0.014647 0.007224
1 0.166445 0.470588 0.010652 0.006192
1 0.130493 0.471104 0.010652 0.007224
1 0.755659 0.470588 0.011984 0.008256
1 0.606525 0.470588 0.011984 0.008256
1 0.719041 0.471104 0.010652 0.031992
1 0.818908 0.455108 0.013316 0.004128
1 0.177097 0.455108 0.013316 0.004128
1 0.656458 0.468008 0.039947 0.038184
1 0.163116 0.468008 0.041278 0.038184
1 0.701065 0.451496 0.009321 0.007224
1 0.486019 0.481424 0.833555 0.069143
1 0.772969 0.433953 0.009321 0.007224
1 0.755659 0.433953 0.009321 0.007224
1 0.193076 0.396285 0.007989 0.012384
1 0.865513 0.392673 0.010652 0.007224
1 0.752996 0.392673 0.011984 0.007224
1 0.699734 0.392673 0.011984 0.007224
1 0.622503 0.392673 0.011984 0.007224
1 0.587217 0.392673 0.010652 0.007224
1 0.515313 0.392673 0.010652 0.007224
1 0.456724 0.392673 0.010652 0.007224
1 0.384820 0.392673 0.010652 0.007224
1 0.349534 0.392673 0.011984 0.007224
1 0.272304 0.392673 0.011984 0.007224
1 0.079228 0.379257 0.006658 0.007224
1 0.486019 0.405057 0.833555 0.069143
2 0.743675 0.314241 0.011984 0.007224
2 0.583888 0.314241 0.011984 0.007224
2 0.558589 0.314241 0.011984 0.007224
2 0.494674 0.314241 0.011984 0.007224
2 0.468708 0.314241 0.010652 0.007224
2 0.411451 0.314241 0.010652 0.007224
2 0.335553 0.314241 0.010652 0.007224
2 0.245672 0.314241 0.011984 0.007224
2 0.220373 0.314241 0.011984 0.007224
2 0.189081 0.314241 0.010652 0.007224
2 0.163116 0.314241 0.011984 0.007224
2 0.834221 0.307534 0.011984 0.012384
2 0.078562 0.301342 0.005326 0.006192
2 0.424101 0.298246 0.017310 0.004128
2 0.201731 0.298246 0.017310 0.004128
2 0.485353 0.326625 0.834887 0.069143
2 0.722370 0.226006 0.011984 0.006192
2 0.705726 0.226006 0.010652 0.006192
2 0.819574 0.219814 0.014647 0.004128
2 0.173768 0.219814 0.014647 0.004128
2 0.485353 0.248194 0.834887 0.069143
2 0.505992 0.172859 0.793609 0.025800
2 0.531957 0.150671 0.011984 0.012384
2 0.519308 0.150671 0.010652 0.012384
2 0.138482 0.147059 0.007989 0.005160
2 0.183755 0.142415 0.010652 0.010320
2 0.172437 0.142415 0.009321 0.010320
2 0.899467 0.114035 0.006658 0.005160
2 0.884820 0.113519 0.006658 0.006192
2 0.876831 0.113519 0.006658 0.006192
2 0.838216 0.113519 0.006658 0.006192
2 0.828895 0.113519 0.009321 0.006192
2 0.820240 0.113519 0.005326 0.006192
2 0.892144 0.112487 0.005326 0.008256
2 0.868176 0.111971 0.007989 0.009288
2 0.858189 0.111971 0.009321 0.009288
2 0.807590 0.111971 0.006658 0.009288
2 0.566578 0.100103 0.011984 0.010320
2 0.553928 0.101651 0.013316 0.013416
2 0.542610 0.099587 0.006658 0.009288
2 0.532623 0.099587 0.010652 0.009288
2 0.504660 0.100103 0.010652 0.010320
2 0.464714 0.100103 0.013316 0.010320
2 0.452730 0.099587 0.005326 0.009288
2 0.440746 0.099587 0.013316 0.009288
2 0.430759 0.099587 0.006658 0.009288
2 0.518642 0.097007 0.011984 0.014448
2 0.488016 0.097007 0.017310 0.014448
2 0.422104 0.097007 0.005326 0.014448
2 0.408123 0.097523 0.017310 0.015480
2 0.479361 0.075335 0.005326 0.008256
2 0.582557 0.068111 0.019973 0.012384
2 0.496005 0.071207 0.009321 0.018576
2 0.430093 0.068111 0.021305 0.012384
2 0.343542 0.071207 0.010652 0.018576
2 0.619174 0.070691 0.018642 0.019608
2 0.601864 0.067595 0.013316 0.013416
2 0.562583 0.068111 0.014647 0.014448
2 0.531957 0.068111 0.017310 0.014448
2 0.513316 0.068111 0.014647 0.014448
2 0.466045 0.070691 0.018642 0.019608
2 0.448735 0.067595 0.013316 0.013416
2 0.410120 0.068111 0.015979 0.014448
2 0.380160 0.068111 0.017310 0.014448
2 0.360852 0.068111 0.015979 0.014448
2 0.547936 0.063983 0.009321 0.020640
2 0.394807 0.063983 0.009321 0.020640