0 0.649051 0.905155 0.048780 0.010309
1 0.494580 0.884021 0.848238 0.060825
1 0.494580 0.813402 0.848238 0.045361
1 0.081978 0.775258 0.006775 0.006186
1 0.494580 0.731443 0.848238 0.050515
1 0.335366 0.701031 0.006775 0.010309
1 0.081978 0.697423 0.006775 0.007216
1 0.074526 0.697423 0.005420 0.007216
1 0.622629 0.698969 0.594851 0.014433
1 0.273035 0.668557 0.012195 0.005155
1 0.895664 0.656701 0.010840 0.008247
1 0.869241 0.656701 0.012195 0.008247
1 0.794038 0.656701 0.010840 0.008247
1 0.714092 0.656701 0.010840 0.008247
1 0.570461 0.656701 0.010840 0.008247
1 0.544038 0.656701 0.012195 0.008247
1 0.469512 0.656701 0.012195 0.008247
1 0.391599 0.656701 0.010840 0.008247
1 0.216125 0.656701 0.012195 0.008247
1 0.114499 0.656701 0.012195 0.008247
1 0.494580 0.653093 0.848238 0.050515
1 0.747290 0.620619 0.006775 0.008247
1 0.082656 0.618041 0.005420 0.005155
1 0.789973 0.595876 0.024390 0.008247
1 0.823171 0.592268 0.020325 0.009278
1 0.796070 0.590206 0.012195 0.005155
1 0.684959 0.592268 0.020325 0.009278
1 0.651762 0.593814 0.024390 0.012371
1 0.481030 0.591753 0.024390 0.010309
1 0.817751 0.578351 0.012195 0.008247
1 0.782520 0.578351 0.012195 0.008247
1 0.744580 0.578351 0.012195 0.008247
1 0.718157 0.578351 0.010840 0.008247
1 0.680217 0.578351 0.010840 0.008247
1 0.644986 0.578351 0.010840 0.008247
1 0.568428 0.578351 0.012195 0.008247
1 0.474255 0.578351 0.010840 0.008247
1 0.114499 0.578351 0.012195 0.008247
1 0.609756 0.572165 0.010840 0.008247
1 0.495257 0.575258 0.846883 0.049485
1 0.081978 0.540722 0.006775 0.007216
1 0.594851 0.511856 0.010840 0.005155
1 0.714092 0.500000 0.010840 0.008247
1 0.663957 0.500000 0.010840 0.008247
1 0.378726 0.500000 0.012195 0.008247
1 0.742547 0.493814 0.010840 0.008247
1 0.378726 0.487629 0.012195 0.008247
1 0.086721 0.490206 0.005420 0.013402
1 0.079946 0.490206 0.005420 0.013402
1 0.735772 0.501546 0.054201 0.040206
1 0.714770 0.484536 0.012195 0.006186
1 0.707317 0.496907 0.422764 0.049485
1 0.283875 0.495361 0.424119 0.052577
1 0.082656 0.461856 0.005420 0.006186
1 0.075203 0.462371 0.006775 0.007216
1 0.866531 0.437629 0.012195 0.015464
2 0.865176 0.408763 0.012195 0.007216
2 0.086721 0.411856 0.005420 0.013402
2 0.079946 0.411856 0.005420 0.013402
2 0.167344 0.396907 0.012195 0.006186
2 0.812331 0.396392 0.012195 0.007216
2 0.732385 0.396392 0.012195 0.007216
2 0.679539 0.396392 0.012195 0.007216
2 0.626694 0.396392 0.012195 0.007216
2 0.573848 0.396392 0.012195 0.007216
2 0.508808 0.396392 0.012195 0.007216
2 0.430217 0.396392 0.012195 0.007216
2 0.377371 0.396392 0.012195 0.007216
2 0.351626 0.396392 0.012195 0.007216
2 0.298780 0.396392 0.012195 0.007216
2 0.220190 0.396392 0.012195 0.007216
2 0.141599 0.396392 0.012195 0.007216
2 0.082656 0.383505 0.005420 0.006186
2 0.798780 0.387113 0.090786 0.025773
2 0.693089 0.387113 0.090786 0.025773
2 0.587398 0.387113 0.090786 0.025773
2 0.474255 0.387113 0.081301 0.025773
2 0.363821 0.387113 0.090786 0.025773
2 0.264228 0.387113 0.081301 0.025773
2 0.153794 0.387113 0.090786 0.025773
2 0.758808 0.368557 0.010840 0.005155
2 0.653117 0.368557 0.010840 0.005155
2 0.547425 0.368557 0.010840 0.005155
2 0.430217 0.368557 0.012195 0.005155
2 0.325203 0.368557 0.010840 0.005155
2 0.220190 0.368557 0.012195 0.005155
2 0.115176 0.368557 0.010840 0.005155
2 0.115176 0.357216 0.024390 0.011340
2 0.494580 0.330412 0.848238 0.025773
2 0.873306 0.314948 0.012195 0.007216
2 0.798103 0.314948 0.010840 0.007216
2 0.723577 0.314948 0.010840 0.007216
2 0.674797 0.314948 0.010840 0.007216
2 0.649051 0.314948 0.010840 0.007216
2 0.600271 0.314948 0.010840 0.007216
2 0.574526 0.314948 0.010840 0.007216
2 0.525068 0.314948 0.012195 0.007216
2 0.437669 0.314948 0.010840 0.007216
2 0.363144 0.314948 0.010840 0.007216
2 0.314363 0.314948 0.010840 0.007216
2 0.288618 0.314948 0.010840 0.007216
2 0.239837 0.314948 0.010840 0.007216
2 0.214092 0.314948 0.010840 0.007216
2 0.164634 0.314948 0.012195 0.007216
2 0.861111 0.305670 0.085366 0.025773
2 0.766260 0.305670 0.077236 0.025773
2 0.661924 0.305670 0.085366 0.025773
2 0.567751 0.305670 0.075881 0.025773
2 0.450542 0.305670 0.085366 0.025773
2 0.356369 0.305670 0.075881 0.025773
2 0.256098 0.305670 0.075881 0.025773
2 0.152439 0.305670 0.085366 0.025773
2 0.823848 0.286598 0.010840 0.006186
2 0.724255 0.286598 0.012195 0.006186
2 0.624661 0.286598 0.010840 0.006186
2 0.525068 0.286598 0.012195 0.006186
2 0.413279 0.286598 0.010840 0.006186
2 0.314363 0.286598 0.010840 0.006186
2 0.214092 0.286598 0.010840 0.006186
2 0.115176 0.286598 0.010840 0.006186
2 0.494580 0.258763 0.848238 0.039175
2 0.515583 0.173711 0.806233 0.025773
2 0.541328 0.151546 0.012195 0.012371
2 0.529133 0.151546 0.009485 0.012371
2 0.199187 0.143299 0.010840 0.010309
2 0.187669 0.143299 0.009485 0.010309
2 0.176829 0.143299 0.006775 0.010309
2 0.142276 0.142268 0.008130 0.016495
2 0.915312 0.114948 0.006775 0.005155
2 0.900407 0.114433 0.006775 0.006186
2 0.892276 0.114433 0.006775 0.006186
2 0.855691 0.114433 0.012195 0.006186
2 0.834688 0.114433 0.005420 0.006186
2 0.883469 0.112887 0.008130 0.009278
2 0.873984 0.111856 0.008130 0.007216
2 0.827913 0.112371 0.005420 0.008247
2 0.822493 0.112887 0.005420 0.009278
2 0.363144 0.103608 0.005420 0.005155
2 0.529810 0.103093 0.008130 0.006186
2 0.386179 0.103093 0.008130 0.006186
2 0.624661 0.100515 0.010840 0.009278
2 0.611789 0.100515 0.012195 0.009278
2 0.593496 0.100515 0.021680 0.009278
2 0.569106 0.100515 0.021680 0.009278
2 0.549458 0.101031 0.014905 0.010309
2 0.474932 0.100515 0.009485 0.009278
2 0.444444 0.100515 0.013550 0.009278
2 0.430217 0.101031 0.012195 0.010309
2 0.418022 0.100515 0.009485 0.009278
2 0.405149 0.100515 0.010840 0.009278
2 0.366531 0.098454 0.012195 0.013402
2 0.533875 0.097938 0.013550 0.014433
2 0.514905 0.097938 0.010840 0.014433
2 0.498645 0.098454 0.018970 0.015464
2 0.460705 0.097938 0.013550 0.014433
2 0.390244 0.097938 0.013550 0.014433
2 0.567073 0.068557 0.014905 0.013402
2 0.549458 0.069072 0.014905 0.014433
2 0.532520 0.068557 0.013550 0.013402
2 0.514228 0.069072 0.014905 0.014433
2 0.436314 0.069072 0.016260 0.014433
2 0.582656 0.066495 0.013550 0.019588
2 0.491192 0.065464 0.025745 0.019588
2 0.413957 0.065464 0.025745 0.019588
2 0.456640 0.065464 0.018970 0.021649