0 0.888509 0.886646 0.012312 0.007246
0 0.814637 0.886646 0.012312 0.007246
0 0.722982 0.886646 0.012312 0.007246
0 0.649111 0.886646 0.012312 0.007246
0 0.557456 0.886646 0.012312 0.007246
0 0.391929 0.886646 0.012312 0.007246
0 0.226402 0.886646 0.012312 0.007246
0 0.086183 0.889752 0.005472 0.013458
0 0.079343 0.889752 0.005472 0.013458
1 0.888509 0.874741 0.012312 0.008282
1 0.851573 0.874224 0.012312 0.007246
1 0.814637 0.874741 0.012312 0.008282
1 0.226402 0.874741 0.012312 0.008282
1 0.170315 0.874224 0.012312 0.007246
1 0.133379 0.874224 0.012312 0.007246
1 0.883721 0.866460 0.057456 0.022774
1 0.805062 0.866460 0.067031 0.022774
1 0.510944 0.879400 0.471956 0.048654
1 0.216826 0.866460 0.067031 0.022774
1 0.142271 0.872671 0.068399 0.035197
1 0.073871 0.781573 0.005472 0.006211
1 0.497948 0.799172 0.856361 0.047619
1 0.658003 0.714803 0.010944 0.007246
1 0.640219 0.714803 0.010944 0.007246
1 0.590971 0.714803 0.010944 0.007246
1 0.573871 0.714803 0.012312 0.007246
1 0.537620 0.714803 0.010944 0.007246
1 0.487688 0.714803 0.012312 0.007246
1 0.471272 0.714803 0.012312 0.007246
1 0.420657 0.714803 0.012312 0.007246
1 0.385089 0.714803 0.012312 0.007246
1 0.368673 0.714803 0.012312 0.007246
1 0.318057 0.714803 0.012312 0.007246
1 0.301642 0.714803 0.012312 0.007246
1 0.232558 0.714803 0.010944 0.007246
1 0.215458 0.714803 0.012312 0.007246
1 0.164843 0.714803 0.012312 0.007246
1 0.148427 0.714803 0.012312 0.007246
1 0.497948 0.727226 0.856361 0.063147
1 0.538304 0.677536 0.009576 0.007246
1 0.231874 0.677536 0.009576 0.007246
1 0.086183 0.650621 0.005472 0.013458
1 0.079343 0.650621 0.005472 0.013458
1 0.829001 0.646998 0.010944 0.008282
1 0.809166 0.646998 0.012312 0.008282
1 0.636115 0.646998 0.010944 0.008282
1 0.154583 0.646998 0.010944 0.008282
1 0.284542 0.658385 0.426813 0.041408
1 0.867989 0.635093 0.012312 0.007246
1 0.769494 0.635093 0.012312 0.007246
1 0.733926 0.634576 0.012312 0.006211
1 0.635431 0.635093 0.012312 0.007246
1 0.252394 0.634576 0.012312 0.006211
1 0.153899 0.635093 0.012312 0.007246
1 0.828317 0.634576 0.012312 0.008282
1 0.809166 0.634576 0.012312 0.008282
1 0.674419 0.634058 0.010944 0.007246
1 0.192886 0.634058 0.010944 0.007246
1 0.134063 0.634058 0.010944 0.007246
1 0.434337 0.631470 0.015048 0.006211
1 0.073187 0.621636 0.006840 0.007246
1 0.877565 0.633540 0.069767 0.035197
1 0.804378 0.626812 0.060192 0.021739
1 0.712038 0.639752 0.428181 0.047619
1 0.474692 0.633540 0.030096 0.035197
1 0.227770 0.633540 0.061560 0.035197
1 0.144323 0.633540 0.069767 0.035197
1 0.733926 0.597826 0.009576 0.007246
1 0.889193 0.566770 0.010944 0.007246
1 0.814637 0.566770 0.012312 0.007246
1 0.226402 0.566770 0.012312 0.007246
1 0.170999 0.566770 0.010944 0.007246
1 0.086183 0.569876 0.005472 0.013458
1 0.079343 0.569876 0.005472 0.013458
1 0.082079 0.542961 0.005472 0.005176
1 0.074555 0.541925 0.006840 0.007246
1 0.498632 0.559006 0.854993 0.047619
1 0.907661 0.516046 0.009576 0.005176
1 0.575923 0.517598 0.010944 0.008282
1 0.244186 0.517081 0.009576 0.007246
2 0.074555 0.462215 0.006840 0.005176
2 0.783858 0.465321 0.016416 0.017598
2 0.318741 0.457557 0.060192 0.004141
2 0.497948 0.479296 0.856361 0.047619
2 0.888509 0.394928 0.012312 0.007246
2 0.870041 0.394928 0.010944 0.007246
2 0.813269 0.394928 0.012312 0.007246
2 0.794802 0.394928 0.010944 0.007246
2 0.701778 0.394928 0.010944 0.007246
2 0.683995 0.394928 0.010944 0.007246
2 0.626539 0.394928 0.010944 0.007246
2 0.608755 0.394928 0.010944 0.007246
2 0.573187 0.394928 0.010944 0.007246
2 0.515732 0.394928 0.010944 0.007246
2 0.497948 0.394928 0.010944 0.007246
2 0.440492 0.394928 0.010944 0.007246
2 0.369357 0.394928 0.010944 0.007246
2 0.350205 0.394928 0.010944 0.007246
2 0.314637 0.394928 0.010944 0.007246
2 0.134063 0.394928 0.010944 0.007246
2 0.285226 0.391822 0.015048 0.007246
2 0.080711 0.380435 0.005472 0.005176
2 0.878933 0.387164 0.067031 0.022774
2 0.497948 0.399586 0.856361 0.047619
2 0.086183 0.330745 0.005472 0.013458
2 0.079343 0.330745 0.005472 0.013458
2 0.889193 0.326605 0.010944 0.007246
2 0.814637 0.326605 0.012312 0.007246
2 0.722982 0.326605 0.012312 0.007246
2 0.648427 0.326605 0.010944 0.007246
2 0.557456 0.326605 0.012312 0.007246
2 0.391929 0.326605 0.012312 0.007246
2 0.336525 0.326605 0.010944 0.007246
2 0.226402 0.326605 0.012312 0.007246
2 0.170315 0.326605 0.012312 0.007246
2 0.888509 0.315217 0.012312 0.007246
2 0.851573 0.314700 0.012312 0.006211
2 0.722982 0.315217 0.012312 0.007246
2 0.685363 0.314700 0.010944 0.006211
2 0.557456 0.315217 0.012312 0.007246
2 0.464432 0.314700 0.012312 0.006211
2 0.298906 0.314700 0.012312 0.006211
2 0.170315 0.315217 0.012312 0.007246
2 0.133379 0.314700 0.012312 0.006211
2 0.814637 0.314700 0.012312 0.008282
2 0.649111 0.314700 0.012312 0.008282
2 0.629959 0.314182 0.012312 0.007246
2 0.519836 0.314182 0.010944 0.007246
2 0.391929 0.314700 0.012312 0.008282
2 0.354309 0.314182 0.010944 0.007246
2 0.335841 0.314700 0.012312 0.008282
2 0.226402 0.314700 0.012312 0.008282
2 0.883721 0.306936 0.057456 0.021739
2 0.805062 0.319876 0.067031 0.047619
2 0.718194 0.306936 0.057456 0.021739
2 0.639535 0.313147 0.067031 0.034161
2 0.552668 0.306936 0.057456 0.021739
2 0.474008 0.319876 0.067031 0.047619
2 0.387141 0.306936 0.057456 0.021739
2 0.308482 0.313147 0.067031 0.034161
2 0.216826 0.306936 0.067031 0.021739
2 0.142955 0.319876 0.067031 0.047619
2 0.617647 0.259317 0.012312 0.007246
2 0.498632 0.238613 0.854993 0.048654
2 0.519152 0.158385 0.813953 0.049689
2 0.200410 0.124224 0.006840 0.010352
2 0.188098 0.124224 0.009576 0.010352
2 0.177155 0.124224 0.006840 0.010352
2 0.142271 0.122671 0.008208 0.015528
2 0.922709 0.111284 0.006840 0.005176
2 0.907661 0.110766 0.006840 0.006211
2 0.899453 0.110766 0.006840 0.006211
2 0.862517 0.110766 0.012312 0.006211
2 0.841313 0.110766 0.005472 0.006211
2 0.890561 0.109213 0.008208 0.009317
2 0.880985 0.108178 0.008208 0.007246
2 0.834473 0.108696 0.005472 0.008282
2 0.829001 0.109213 0.005472 0.009317
2 0.471956 0.098861 0.005472 0.005176
2 0.562244 0.096791 0.013680 0.009317
2 0.547196 0.097308 0.013680 0.010352
2 0.533516 0.096791 0.010944 0.009317
2 0.520520 0.096791 0.012312 0.009317
2 0.507524 0.096791 0.010944 0.009317
2 0.491792 0.094203 0.015048 0.014493
2 0.476060 0.094203 0.013680 0.014493
2 0.452120 0.094203 0.012312 0.014493
2 0.434337 0.094203 0.017784 0.014493
2 0.484952 0.065217 0.009576 0.012422
2 0.552668 0.064700 0.013680 0.013458
2 0.535568 0.064700 0.015048 0.013458
2 0.517784 0.065217 0.015048 0.014493
2 0.500000 0.064700 0.017784 0.013458
2 0.467852 0.061077 0.021888 0.020704
2 0.445280 0.061594 0.020520 0.021739