0 0.711022 0.900000 0.010753 0.008247
0 0.512097 0.900000 0.010753 0.008247
0 0.436828 0.900000 0.010753 0.008247
0 0.381720 0.900000 0.010753 0.008247
0 0.220430 0.900000 0.010753 0.008247
0 0.184140 0.900000 0.010753 0.008247
0 0.711022 0.887629 0.010753 0.008247
0 0.381720 0.887629 0.010753 0.008247
0 0.220430 0.887629 0.010753 0.008247
0 0.083333 0.890206 0.005376 0.013402
0 0.076613 0.890206 0.005376 0.013402
1 0.854167 0.874742 0.012097 0.007216
1 0.817876 0.874742 0.012097 0.007216
1 0.781586 0.874742 0.012097 0.007216
1 0.219758 0.874742 0.012097 0.007216
1 0.183468 0.875258 0.012097 0.008247
1 0.129704 0.874742 0.012097 0.007216
1 0.436828 0.871649 0.016129 0.007216
1 0.862231 0.879897 0.065860 0.048454
1 0.790995 0.879897 0.065860 0.048454
1 0.215726 0.867010 0.055108 0.022680
1 0.137769 0.879897 0.065860 0.048454
1 0.500672 0.877835 0.466398 0.052577
1 0.083333 0.811856 0.005376 0.013402
1 0.076613 0.811856 0.005376 0.013402
1 0.872312 0.808247 0.010753 0.008247
1 0.799059 0.808247 0.012097 0.008247
1 0.709677 0.808247 0.010753 0.008247
1 0.636425 0.808247 0.012097 0.008247
1 0.547043 0.808247 0.010753 0.008247
1 0.383737 0.808247 0.012097 0.008247
1 0.221102 0.808247 0.012097 0.008247
1 0.871640 0.796392 0.012097 0.007216
1 0.835349 0.796392 0.012097 0.007216
1 0.709005 0.796392 0.012097 0.007216
1 0.672715 0.796392 0.012097 0.007216
1 0.546371 0.796392 0.012097 0.007216
1 0.165995 0.795876 0.012097 0.006186
1 0.799059 0.795876 0.012097 0.008247
1 0.635753 0.795876 0.010753 0.008247
1 0.618280 0.795361 0.010753 0.007216
1 0.510081 0.795876 0.012097 0.008247
1 0.383737 0.795876 0.012097 0.008247
1 0.346774 0.795876 0.010753 0.008247
1 0.329301 0.795361 0.010753 0.007216
1 0.221102 0.795876 0.012097 0.008247
1 0.867608 0.788144 0.055108 0.021649
1 0.704301 0.788144 0.056452 0.021649
1 0.698925 0.801031 0.419355 0.047423
1 0.541667 0.788144 0.056452 0.021649
1 0.379032 0.788144 0.056452 0.021649
1 0.282930 0.801031 0.428763 0.047423
1 0.842070 0.717010 0.012097 0.007216
1 0.825269 0.717010 0.010753 0.007216
1 0.809812 0.717010 0.012097 0.007216
1 0.793011 0.717010 0.010753 0.007216
1 0.723118 0.717010 0.010753 0.007216
1 0.653226 0.717010 0.010753 0.007216
1 0.622312 0.717010 0.010753 0.007216
1 0.607527 0.717010 0.010753 0.007216
1 0.575941 0.717010 0.012097 0.007216
1 0.494624 0.717010 0.010753 0.007216
1 0.447581 0.717010 0.010753 0.007216
1 0.415323 0.717010 0.010753 0.007216
1 0.400538 0.717010 0.010753 0.007216
1 0.365591 0.717010 0.010753 0.007216
1 0.286962 0.717010 0.012097 0.007216
1 0.256048 0.717010 0.012097 0.007216
1 0.220430 0.717010 0.010753 0.007216
1 0.205645 0.717010 0.010753 0.007216
1 0.174059 0.717010 0.012097 0.007216
1 0.776882 0.713918 0.016129 0.007216
1 0.283602 0.709278 0.048387 0.022680
1 0.201613 0.709278 0.048387 0.022680
1 0.487903 0.721649 0.841398 0.047423
1 0.805780 0.695361 0.049731 0.005155
1 0.722446 0.685052 0.009409 0.007216
1 0.731183 0.674742 0.008065 0.005155
1 0.750000 0.674227 0.008065 0.006186
1 0.079301 0.625773 0.005376 0.004124
1 0.698925 0.620619 0.059140 0.004124
1 0.487903 0.647938 0.841398 0.067010
1 0.872312 0.582990 0.010753 0.007216
1 0.836022 0.582990 0.010753 0.007216
1 0.799059 0.582990 0.012097 0.007216
1 0.709677 0.582990 0.010753 0.007216
1 0.672715 0.582990 0.012097 0.007216
1 0.636425 0.582990 0.012097 0.007216
1 0.547043 0.582990 0.010753 0.007216
1 0.510081 0.582990 0.012097 0.007216
1 0.383737 0.582990 0.012097 0.007216
1 0.347446 0.582990 0.012097 0.007216
1 0.221102 0.582990 0.012097 0.007216
1 0.488575 0.562887 0.840054 0.047423
1 0.861559 0.504124 0.010753 0.008247
1 0.757392 0.504124 0.012097 0.008247
1 0.705645 0.504124 0.010753 0.008247
1 0.653898 0.504124 0.012097 0.008247
1 0.617608 0.504124 0.012097 0.008247
1 0.083333 0.495361 0.005376 0.013402
1 0.076613 0.495361 0.005376 0.013402
1 0.861559 0.491753 0.010753 0.008247
1 0.756720 0.491753 0.010753 0.008247
1 0.653898 0.491753 0.012097 0.008247
1 0.579973 0.494845 0.006720 0.016495
1 0.542339 0.494330 0.006720 0.017526
1 0.860887 0.479897 0.012097 0.007216
1 0.782930 0.479381 0.012097 0.006186
1 0.834677 0.478866 0.010753 0.007216
1 0.757392 0.479381 0.012097 0.008247
1 0.653898 0.479381 0.012097 0.008247
1 0.617608 0.479381 0.012097 0.008247
1 0.704973 0.476289 0.014785 0.006186
1 0.071909 0.466495 0.006720 0.007216
1 0.848118 0.484021 0.088710 0.048454
1 0.468414 0.484021 0.087366 0.048454
1 0.366263 0.484021 0.087366 0.048454
1 0.252016 0.484021 0.087366 0.048454
1 0.149866 0.484021 0.087366 0.048454
1 0.749328 0.469072 0.079301 0.026804
1 0.653898 0.445876 0.009409 0.005155
1 0.617608 0.446907 0.009409 0.007216
1 0.663306 0.437113 0.006720 0.006186
1 0.631048 0.437113 0.006720 0.006186
2 0.836022 0.400515 0.010753 0.007216
2 0.799731 0.400515 0.010753 0.007216
2 0.763441 0.400515 0.010753 0.007216
2 0.728495 0.400000 0.010753 0.006186
2 0.655914 0.400000 0.010753 0.006186
2 0.548387 0.400515 0.010753 0.007216
2 0.512097 0.400515 0.010753 0.007216
2 0.475806 0.400515 0.010753 0.007216
2 0.439516 0.400515 0.010753 0.007216
2 0.404570 0.400000 0.010753 0.006186
2 0.331989 0.400000 0.010753 0.006186
2 0.186156 0.400515 0.012097 0.007216
2 0.166667 0.400515 0.010753 0.007216
2 0.149194 0.400515 0.010753 0.007216
2 0.872312 0.400000 0.010753 0.008247
2 0.867608 0.392784 0.055108 0.022680
2 0.795027 0.392784 0.055108 0.022680
2 0.543683 0.392784 0.055108 0.022680
2 0.471102 0.392784 0.055108 0.022680
2 0.488575 0.402577 0.840054 0.052577
2 0.727823 0.363402 0.009409 0.007216
2 0.710349 0.363402 0.009409 0.007216
2 0.691532 0.363402 0.009409 0.007216
2 0.674059 0.363402 0.009409 0.007216
2 0.077957 0.306701 0.005376 0.005155
2 0.487903 0.325773 0.841398 0.047423
2 0.848790 0.266495 0.012097 0.007216
2 0.784274 0.266495 0.012097 0.007216
2 0.176747 0.266495 0.012097 0.007216
2 0.836694 0.224742 0.098118 0.004124
2 0.707661 0.224742 0.098118 0.004124
2 0.566532 0.224742 0.098118 0.004124
2 0.437500 0.224742 0.098118 0.004124
2 0.487903 0.244330 0.841398 0.051546
2 0.887097 0.187629 0.010753 0.008247
2 0.204973 0.178351 0.095430 0.014433
2 0.123656 0.177835 0.005376 0.013402
2 0.116935 0.177835 0.005376 0.013402
2 0.832661 0.177835 0.006720 0.017526
2 0.805780 0.177835 0.006720 0.017526
2 0.141801 0.177835 0.014785 0.025773
2 0.886425 0.162887 0.012097 0.008247
2 0.205645 0.156701 0.013441 0.012371
2 0.860887 0.169588 0.012097 0.044330
2 0.525538 0.167526 0.505376 0.048454
2 0.194892 0.148454 0.008065 0.010309
2 0.172715 0.148454 0.006720 0.010309
2 0.183468 0.147938 0.006720 0.011340
2 0.138441 0.146907 0.008065 0.015464
2 0.860215 0.131959 0.010753 0.004124
2 0.886425 0.130412 0.009409 0.007216
2 0.905242 0.114948 0.006720 0.005155
2 0.890457 0.114433 0.006720 0.006186
2 0.882392 0.114433 0.006720 0.006186
2 0.846102 0.114433 0.012097 0.006186
2 0.825269 0.114433 0.005376 0.006186
2 0.897849 0.117010 0.008065 0.013402
2 0.873656 0.115979 0.008065 0.015464
2 0.864247 0.111856 0.008065 0.007216
2 0.818548 0.112371 0.005376 0.008247
2 0.813172 0.112887 0.005376 0.009278
2 0.552419 0.103093 0.008065 0.006186
2 0.516129 0.101031 0.013441 0.010309
2 0.501344 0.100515 0.010753 0.009278
2 0.463710 0.101031 0.013441 0.010309
2 0.422715 0.101031 0.012097 0.010309
2 0.408602 0.102577 0.008065 0.013402
2 0.401210 0.101031 0.012097 0.010309
2 0.527554 0.099485 0.009409 0.013402
2 0.475134 0.099485 0.009409 0.013402
2 0.590054 0.097938 0.018817 0.014433
2 0.571909 0.097938 0.014785 0.014433
2 0.556452 0.097938 0.013441 0.014433
2 0.493280 0.097938 0.010753 0.014433
2 0.446237 0.097938 0.016129 0.014433
2 0.384409 0.097938 0.018817 0.014433
2 0.596102 0.068557 0.014785 0.013402
2 0.579301 0.068557 0.013441 0.013402
2 0.561828 0.068557 0.016129 0.013402
2 0.499328 0.068557 0.014785 0.013402
2 0.438172 0.068557 0.013441 0.013402
2 0.420699 0.068557 0.013441 0.013402
2 0.406586 0.068557 0.009409 0.013402
2 0.535618 0.064948 0.030914 0.020619
2 0.473118 0.064948 0.032258 0.020619
2 0.386425 0.064948 0.028226 0.020619