1 0.177241 0.918989 0.015172 0.011352
1 0.166207 0.918989 0.015172 0.011352
1 0.113793 0.887513 0.012414 0.008256
1 0.910345 0.874613 0.011034 0.007224
1 0.828276 0.874613 0.012414 0.007224
1 0.801379 0.874613 0.011034 0.007224
1 0.719310 0.874613 0.012414 0.007224
1 0.692414 0.874613 0.011034 0.007224
1 0.610345 0.874613 0.012414 0.007224
1 0.583448 0.874613 0.011034 0.007224
1 0.501379 0.874613 0.012414 0.007224
1 0.474483 0.874613 0.011034 0.007224
1 0.392414 0.874613 0.012414 0.007224
1 0.365517 0.874613 0.011034 0.007224
1 0.283448 0.874613 0.012414 0.007224
1 0.255172 0.875129 0.011034 0.008256
1 0.228276 0.875129 0.012414 0.008256
1 0.180690 0.891641 0.143448 0.041280
1 0.085517 0.877709 0.005517 0.013416
1 0.078621 0.877709 0.005517 0.013416
1 0.173793 0.859133 0.011034 0.005160
1 0.717241 0.870485 0.430345 0.042312
1 0.285517 0.863777 0.430345 0.028896
1 0.081379 0.849329 0.005517 0.004128
1 0.072414 0.849845 0.006897 0.007224
1 0.828966 0.842105 0.011034 0.006192
1 0.720000 0.842105 0.011034 0.006192
1 0.611034 0.842105 0.011034 0.006192
1 0.502069 0.842105 0.011034 0.006192
1 0.393103 0.842105 0.011034 0.006192
1 0.284828 0.842105 0.012414 0.006192
1 0.200000 0.824561 0.055172 0.016512
1 0.127586 0.823529 0.037241 0.014448
1 0.877241 0.809082 0.011034 0.008256
1 0.828966 0.809082 0.011034 0.008256
1 0.648276 0.809082 0.011034 0.008256
1 0.509655 0.809082 0.012414 0.008256
1 0.177931 0.809082 0.011034 0.008256
1 0.113793 0.809082 0.012414 0.008256
1 0.230345 0.797730 0.008276 0.006192
1 0.840000 0.795666 0.008276 0.006192
1 0.706897 0.796182 0.012414 0.007224
1 0.177931 0.796698 0.011034 0.008256
1 0.085517 0.799278 0.005517 0.013416
1 0.078621 0.799278 0.005517 0.013416
1 0.845517 0.786378 0.011034 0.010320
1 0.604828 0.784830 0.012414 0.007224
1 0.588276 0.784830 0.012414 0.007224
1 0.583448 0.805986 0.035862 0.049536
1 0.527586 0.805986 0.045517 0.049536
1 0.509655 0.784830 0.012414 0.007224
1 0.465517 0.784314 0.012414 0.006192
1 0.465517 0.805986 0.045517 0.049536
1 0.421379 0.784314 0.012414 0.006192
1 0.332414 0.805986 0.046897 0.049536
1 0.268276 0.805986 0.048276 0.049536
1 0.214483 0.784830 0.012414 0.007224
1 0.196552 0.784830 0.012414 0.007224
1 0.178621 0.784830 0.012414 0.007224
1 0.149655 0.784830 0.012414 0.007224
1 0.131724 0.784830 0.012414 0.007224
1 0.113793 0.784830 0.012414 0.007224
1 0.773103 0.783798 0.012414 0.007224
1 0.706897 0.784314 0.012414 0.008256
1 0.402069 0.802890 0.031724 0.049536
1 0.648276 0.780702 0.016552 0.007224
1 0.886207 0.787410 0.067586 0.024768
1 0.805517 0.780702 0.057931 0.038184
1 0.735862 0.787410 0.051034 0.051600
1 0.482759 0.765222 0.011034 0.007224
1 0.350345 0.765222 0.011034 0.007224
1 0.667586 0.786894 0.030345 0.052632
1 0.604828 0.764190 0.009655 0.007224
1 0.544138 0.764706 0.009655 0.008256
1 0.421379 0.764706 0.009655 0.008256
1 0.286207 0.764190 0.009655 0.007224
1 0.214483 0.764706 0.009655 0.008256
1 0.149655 0.764190 0.009655 0.007224
1 0.838621 0.730650 0.011034 0.008256
1 0.684828 0.730650 0.012414 0.008256
1 0.640690 0.730650 0.012414 0.008256
1 0.582759 0.730650 0.012414 0.008256
1 0.497931 0.730650 0.011034 0.008256
1 0.386207 0.730650 0.011034 0.008256
1 0.313793 0.730650 0.012414 0.008256
1 0.217931 0.730650 0.011034 0.008256
1 0.191034 0.730650 0.012414 0.008256
1 0.113793 0.730650 0.012414 0.008256
1 0.085517 0.721878 0.005517 0.013416
1 0.078621 0.721878 0.005517 0.013416
1 0.713793 0.718266 0.012414 0.008256
1 0.652414 0.717234 0.008276 0.006192
1 0.611724 0.718266 0.012414 0.008256
1 0.443448 0.718266 0.012414 0.008256
1 0.353103 0.718266 0.011034 0.008256
1 0.252414 0.718266 0.011034 0.008256
1 0.157241 0.718266 0.011034 0.008256
1 0.900000 0.706398 0.012414 0.007224
1 0.899310 0.727554 0.038621 0.049536
1 0.865517 0.706398 0.012414 0.007224
1 0.847586 0.727554 0.028966 0.049536
1 0.839310 0.706398 0.012414 0.007224
1 0.804828 0.706398 0.012414 0.007224
1 0.804138 0.727554 0.038621 0.049536
1 0.770345 0.706398 0.012414 0.007224
1 0.755172 0.726006 0.023448 0.046440
1 0.657931 0.709494 0.008276 0.013416
1 0.509655 0.727038 0.034483 0.048504
1 0.498621 0.706398 0.012414 0.007224
1 0.462759 0.705882 0.012414 0.006192
1 0.373103 0.705882 0.012414 0.006192
1 0.323448 0.727038 0.031724 0.048504
1 0.313793 0.706398 0.012414 0.007224
1 0.251724 0.706398 0.012414 0.007224
1 0.156552 0.706398 0.012414 0.007224
1 0.124828 0.727038 0.031724 0.048504
1 0.113793 0.706398 0.012414 0.007224
1 0.443448 0.705882 0.012414 0.008256
1 0.353793 0.705882 0.012414 0.008256
1 0.277931 0.705366 0.012414 0.007224
1 0.691724 0.709494 0.053793 0.025800
1 0.384138 0.690402 0.015172 0.004128
1 0.618621 0.696594 0.053793 0.024768
1 0.411034 0.709494 0.035862 0.050568
1 0.217241 0.696594 0.037241 0.024768
1 0.563448 0.702786 0.048276 0.039216
1 0.374483 0.685243 0.034483 0.004128
1 0.269655 0.708978 0.028966 0.051600
1 0.179310 0.696078 0.035862 0.025800
1 0.865517 0.686275 0.009655 0.008256
1 0.770345 0.686275 0.009655 0.008256
1 0.608276 0.649123 0.011034 0.008256
1 0.613103 0.640351 0.012414 0.007224
1 0.085517 0.643447 0.005517 0.013416
1 0.078621 0.643447 0.005517 0.013416
1 0.808966 0.639835 0.012414 0.008256
1 0.521379 0.639835 0.011034 0.008256
1 0.444138 0.639835 0.011034 0.008256
1 0.345517 0.639835 0.012414 0.008256
1 0.253793 0.639835 0.011034 0.008256
1 0.176552 0.639835 0.011034 0.008256
1 0.782069 0.642415 0.008276 0.017544
1 0.744138 0.642415 0.006897 0.017544
1 0.717931 0.642415 0.006897 0.017544
1 0.850345 0.627967 0.015172 0.007224
1 0.826897 0.627451 0.012414 0.006192
1 0.648966 0.627967 0.012414 0.007224
1 0.597931 0.627967 0.012414 0.007224
1 0.520690 0.627967 0.012414 0.007224
1 0.504828 0.627451 0.011034 0.006192
1 0.443448 0.627967 0.012414 0.007224
1 0.381379 0.627967 0.012414 0.007224
1 0.345517 0.627967 0.012414 0.007224
1 0.330345 0.627967 0.012414 0.007224
1 0.253103 0.627967 0.012414 0.007224
1 0.237241 0.627451 0.011034 0.006192
1 0.175862 0.627967 0.012414 0.007224
1 0.113793 0.627967 0.012414 0.007224
1 0.222069 0.627451 0.011034 0.008256
1 0.808966 0.624355 0.015172 0.006192
1 0.081379 0.614551 0.005517 0.007224
1 0.073793 0.614551 0.006897 0.007224
1 0.904138 0.626419 0.028966 0.035088
1 0.717241 0.640351 0.430345 0.069143
1 0.285517 0.640351 0.430345 0.069143
1 0.204138 0.618163 0.046897 0.024768
1 0.684828 0.607843 0.009655 0.008256
1 0.648966 0.607843 0.009655 0.008256
1 0.345517 0.607843 0.009655 0.008256
1 0.828966 0.609391 0.033103 0.021672
1 0.490345 0.586171 0.026207 0.012384
1 0.296552 0.586171 0.022069 0.012384
1 0.120000 0.586171 0.022069 0.012384
1 0.085517 0.565015 0.005517 0.013416
1 0.078621 0.565015 0.005517 0.013416
1 0.653103 0.561404 0.012414 0.008256
1 0.604138 0.560888 0.008276 0.007224
1 0.897241 0.564499 0.006897 0.016512
1 0.586207 0.563983 0.008276 0.017544
1 0.246897 0.563467 0.008276 0.016512
1 0.811724 0.549536 0.012414 0.007224
1 0.724138 0.549536 0.011034 0.007224
1 0.707586 0.549536 0.011034 0.007224
1 0.608966 0.553148 0.009655 0.014448
1 0.507586 0.549536 0.011034 0.007224
1 0.482759 0.549536 0.011034 0.007224
1 0.446207 0.549536 0.012414 0.007224
1 0.403448 0.549536 0.012414 0.007224
1 0.355862 0.549020 0.011034 0.006192
1 0.311724 0.549536 0.011034 0.007224
1 0.291034 0.549536 0.011034 0.007224
1 0.226897 0.549536 0.012414 0.007224
1 0.135172 0.549536 0.011034 0.007224
1 0.113793 0.549536 0.012414 0.007224
1 0.864138 0.549020 0.012414 0.008256
1 0.776552 0.548504 0.011034 0.007224
1 0.653103 0.549020 0.012414 0.008256
1 0.179310 0.548504 0.011034 0.007224
1 0.080690 0.536120 0.006897 0.007224
1 0.366897 0.533540 0.013793 0.004128
1 0.191034 0.533540 0.015172 0.004128
1 0.855172 0.546440 0.063448 0.038184
1 0.351034 0.546440 0.045517 0.038184
1 0.175172 0.546440 0.046897 0.038184
1 0.784828 0.545408 0.066207 0.040248
1 0.501379 0.560372 0.862069 0.070175
1 0.186207 0.513416 0.046897 0.011352
1 0.653103 0.506192 0.009655 0.005160
1 0.231724 0.508256 0.016552 0.009288
1 0.186207 0.509288 0.046897 0.011352
1 0.239310 0.509804 0.031724 0.014448
1 0.124828 0.509804 0.031724 0.014448
1 0.242759 0.484004 0.008276 0.006192
1 0.212414 0.484004 0.008276 0.006192
1 0.793793 0.482972 0.012414 0.008256
1 0.729655 0.482456 0.008276 0.007224
1 0.398621 0.482972 0.011034 0.008256
1 0.168276 0.482972 0.011034 0.008256
1 0.735862 0.472136 0.006897 0.009288
1 0.592414 0.471104 0.012414 0.007224
1 0.528276 0.471104 0.011034 0.007224
1 0.477931 0.471104 0.012414 0.007224
1 0.463448 0.471104 0.011034 0.007224
1 0.413103 0.471104 0.012414 0.007224
1 0.398621 0.471104 0.011034 0.007224
1 0.259310 0.471104 0.011034 0.007224
1 0.228966 0.471104 0.011034 0.007224
1 0.198621 0.471104 0.011034 0.007224
1 0.183448 0.471104 0.011034 0.007224
1 0.168276 0.471104 0.011034 0.007224
1 0.144138 0.471104 0.012414 0.007224
1 0.128966 0.471104 0.012414 0.007224
1 0.113793 0.471104 0.012414 0.007224
1 0.702069 0.470588 0.011034 0.008256
1 0.377241 0.452528 0.009655 0.005160
1 0.315172 0.452528 0.009655 0.005160
1 0.144138 0.452528 0.009655 0.005160
1 0.694483 0.468008 0.056552 0.038184
1 0.528966 0.451496 0.009655 0.007224
1 0.477931 0.451496 0.009655 0.007224
1 0.260000 0.451496 0.009655 0.007224
1 0.199310 0.451496 0.009655 0.007224
1 0.905517 0.466976 0.026207 0.040248
1 0.501379 0.482456 0.862069 0.071207
2 0.899310 0.392673 0.011034 0.007224
2 0.865517 0.392673 0.012414 0.007224
2 0.838621 0.392673 0.011034 0.007224
2 0.804138 0.392673 0.011034 0.007224
2 0.770345 0.392673 0.012414 0.007224
2 0.658621 0.396285 0.006897 0.014448
2 0.497931 0.392673 0.011034 0.007224
2 0.463448 0.392673 0.011034 0.007224
2 0.443448 0.392673 0.012414 0.007224
2 0.373793 0.392673 0.011034 0.007224
2 0.353793 0.392673 0.012414 0.007224
2 0.313793 0.392673 0.012414 0.007224
2 0.278621 0.392673 0.011034 0.007224
2 0.252414 0.392673 0.011034 0.007224
2 0.157241 0.392673 0.011034 0.007224
2 0.113793 0.392673 0.012414 0.007224
2 0.384138 0.376677 0.015172 0.004128
2 0.817931 0.374097 0.011034 0.005160
2 0.618621 0.383385 0.053793 0.025800
2 0.500690 0.404541 0.863448 0.068111
2 0.217241 0.383385 0.037241 0.025800
2 0.179310 0.383385 0.035862 0.025800
2 0.913793 0.373065 0.009655 0.007224
2 0.865517 0.373065 0.009655 0.007224
2 0.770345 0.373065 0.009655 0.007224
2 0.894483 0.314241 0.012414 0.007224
2 0.874483 0.314241 0.011034 0.007224
2 0.684138 0.314241 0.011034 0.007224
2 0.664828 0.314241 0.024828 0.007224
2 0.622069 0.314241 0.011034 0.007224
2 0.591034 0.314241 0.012414 0.007224
2 0.560000 0.314241 0.011034 0.007224
2 0.543448 0.314241 0.011034 0.007224
2 0.512414 0.314241 0.012414 0.007224
2 0.433103 0.314241 0.011034 0.007224
2 0.402069 0.314241 0.012414 0.007224
2 0.335172 0.314241 0.011034 0.007224
2 0.318621 0.314241 0.011034 0.007224
2 0.286897 0.314241 0.011034 0.007224
2 0.256552 0.314241 0.011034 0.007224
2 0.208276 0.314241 0.011034 0.007224
2 0.177241 0.314241 0.012414 0.007224
2 0.146207 0.314241 0.011034 0.007224
2 0.129655 0.314241 0.011034 0.007224
2 0.908276 0.306502 0.020690 0.022704
2 0.500690 0.323529 0.863448 0.075335
2 0.708276 0.283282 0.009655 0.005160
2 0.123448 0.272962 0.028966 0.013416
2 0.700690 0.232714 0.016552 0.007224
2 0.073103 0.222910 0.005517 0.004128
2 0.500690 0.247678 0.863448 0.070175
2 0.826897 0.141383 0.015172 0.004128
2 0.188276 0.142415 0.006897 0.010320
2 0.177241 0.142415 0.009655 0.010320
2 0.522069 0.169763 0.820690 0.069143
2 0.142069 0.141383 0.008276 0.016512
2 0.928966 0.114035 0.006897 0.005160
2 0.913793 0.113519 0.006897 0.006192
2 0.905517 0.113519 0.006897 0.006192
2 0.868276 0.113519 0.012414 0.006192
2 0.846897 0.113519 0.005517 0.006192
2 0.896552 0.111971 0.008276 0.009288
2 0.886897 0.110939 0.008276 0.007224
2 0.840000 0.111455 0.005517 0.008256
2 0.834483 0.111971 0.005517 0.009288
2 0.733793 0.099587 0.011034 0.009288
2 0.720000 0.100103 0.013793 0.010320
2 0.704828 0.099587 0.011034 0.009288
2 0.662069 0.099587 0.011034 0.009288
2 0.648966 0.100103 0.012414 0.010320
2 0.595862 0.100103 0.011034 0.010320
2 0.571724 0.100103 0.012414 0.010320
2 0.557241 0.099587 0.013793 0.009288
2 0.543448 0.100103 0.011034 0.010320
2 0.506897 0.099587 0.006897 0.009288
2 0.489655 0.099587 0.022069 0.009288
2 0.471724 0.099587 0.011034 0.009288
2 0.427586 0.097007 0.005517 0.004128
2 0.417931 0.099587 0.016552 0.009288
2 0.403448 0.100103 0.012414 0.010320
2 0.364138 0.099587 0.011034 0.009288
2 0.344828 0.099587 0.022069 0.009288
2 0.328966 0.099587 0.006897 0.009288
2 0.584138 0.098039 0.009655 0.014448
2 0.691034 0.097007 0.013793 0.014448
2 0.675862 0.097007 0.013793 0.014448
2 0.636552 0.097007 0.006897 0.014448
2 0.624828 0.097007 0.013793 0.014448
2 0.528276 0.097007 0.016552 0.014448
2 0.453793 0.097007 0.019310 0.014448
2 0.387586 0.097007 0.016552 0.014448
2 0.314483 0.097007 0.016552 0.014448
2 0.293793 0.097007 0.005517 0.014448
2 0.285517 0.097007 0.005517 0.014448
2 0.271724 0.097007 0.019310 0.014448
2 0.572414 0.067595 0.013793 0.013416
2 0.556552 0.067595 0.015172 0.013416
2 0.537931 0.067595 0.016552 0.013416
2 0.506207 0.067595 0.013793 0.013416
2 0.486207 0.067595 0.020690 0.013416
2 0.465517 0.067595 0.015172 0.013416
2 0.521379 0.065015 0.013793 0.018576
2 0.438621 0.063983 0.033103 0.020640