0 0.830369 0.898446 0.032832 0.004145
1 0.820109 0.850259 0.015048 0.007254
1 0.717510 0.849741 0.015048 0.006218
1 0.610807 0.850259 0.015048 0.007254
1 0.080711 0.839896 0.005472 0.007254
1 0.242818 0.834715 0.009576 0.005181
1 0.904925 0.833679 0.009576 0.007254
1 0.850205 0.833679 0.009576 0.007254
1 0.742134 0.833679 0.009576 0.007254
1 0.634063 0.833679 0.009576 0.007254
1 0.496580 0.867876 0.856361 0.075648
1 0.543776 0.833679 0.009576 0.007254
1 0.394665 0.833679 0.009576 0.007254
1 0.342681 0.833679 0.009576 0.007254
1 0.300274 0.833679 0.009576 0.007254
1 0.376881 0.815026 0.017784 0.009326
1 0.569083 0.801554 0.010944 0.007254
1 0.504788 0.808808 0.027360 0.021762
1 0.389877 0.801554 0.010944 0.007254
1 0.253078 0.801554 0.010944 0.007254
1 0.183995 0.801036 0.012312 0.006218
1 0.121067 0.809326 0.025992 0.022798
1 0.701778 0.795337 0.010944 0.007254
1 0.634747 0.795337 0.010944 0.007254
1 0.552668 0.795337 0.010944 0.007254
1 0.889193 0.794819 0.010944 0.008290
1 0.822161 0.794819 0.010944 0.008290
1 0.496580 0.794819 0.010944 0.008290
1 0.459644 0.794819 0.010944 0.008290
1 0.437073 0.805699 0.025992 0.030052
1 0.373461 0.794819 0.010944 0.008290
1 0.310534 0.805181 0.027360 0.029016
1 0.235978 0.794819 0.012312 0.008290
1 0.199042 0.794819 0.012312 0.008290
1 0.170999 0.805699 0.016416 0.030052
1 0.112859 0.794819 0.012312 0.008290
1 0.888509 0.782383 0.012312 0.008290
1 0.821477 0.782383 0.012312 0.008290
1 0.571135 0.798964 0.047880 0.041451
1 0.528044 0.794819 0.010944 0.033161
1 0.459644 0.782383 0.010944 0.008290
1 0.404925 0.794819 0.010944 0.033161
1 0.335157 0.794819 0.010944 0.033161
1 0.261286 0.798964 0.060192 0.041451
1 0.199042 0.782383 0.012312 0.008290
1 0.143639 0.794819 0.010944 0.033161
1 0.084815 0.784974 0.005472 0.013472
1 0.077975 0.784974 0.005472 0.013472
1 0.283174 0.785492 0.426813 0.026943
1 0.711354 0.790155 0.426813 0.046632
1 0.080027 0.756995 0.006840 0.007254
1 0.071819 0.756995 0.006840 0.007254
1 0.903557 0.748187 0.006840 0.004145
1 0.599863 0.749741 0.009576 0.007254
1 0.742134 0.734715 0.058824 0.010363
1 0.742134 0.730052 0.058824 0.009326
1 0.735294 0.725907 0.015048 0.005181
1 0.307798 0.695337 0.010944 0.006218
1 0.549248 0.692746 0.012312 0.007254
1 0.535568 0.692228 0.012312 0.008290
1 0.774282 0.687047 0.010944 0.006218
1 0.745554 0.687047 0.010944 0.006218
1 0.733242 0.687047 0.010944 0.006218
1 0.757866 0.686528 0.010944 0.007254
1 0.577975 0.686528 0.012312 0.007254
1 0.136115 0.686528 0.012312 0.007254
1 0.346785 0.682902 0.015048 0.006218
1 0.112859 0.683420 0.015048 0.007254
1 0.614227 0.674093 0.010944 0.007254
1 0.290698 0.683420 0.045144 0.025907
1 0.080711 0.673057 0.005472 0.005181
1 0.578659 0.667876 0.010944 0.005181
1 0.136115 0.667876 0.009576 0.005181
1 0.878933 0.666321 0.009576 0.006218
1 0.496580 0.698446 0.856361 0.072539
1 0.212722 0.663731 0.009576 0.007254
1 0.186731 0.645078 0.006840 0.007254
2 0.834473 0.595337 0.016416 0.007254
2 0.740766 0.594819 0.015048 0.006218
2 0.552668 0.595337 0.016416 0.007254
2 0.113543 0.595337 0.016416 0.007254
2 0.702462 0.579793 0.009576 0.005181
2 0.464432 0.579793 0.009576 0.005181
2 0.855677 0.578756 0.009576 0.007254
2 0.762654 0.578756 0.009576 0.007254
2 0.681943 0.578756 0.009576 0.007254
2 0.661423 0.578756 0.009576 0.007254
2 0.572503 0.578756 0.009576 0.007254
2 0.504788 0.582902 0.030096 0.015544
2 0.370725 0.578756 0.010944 0.007254
2 0.235294 0.578756 0.010944 0.007254
1 0.496580 0.610363 0.856361 0.070466
2 0.137483 0.578756 0.009576 0.007254
2 0.834473 0.575648 0.010944 0.007254
2 0.810534 0.558031 0.006840 0.005181
2 0.619015 0.558031 0.009576 0.005181
2 0.420657 0.558031 0.009576 0.005181
2 0.175787 0.558031 0.009576 0.005181
2 0.906293 0.556995 0.009576 0.007254
2 0.513680 0.556995 0.009576 0.007254
2 0.844733 0.533679 0.023256 0.004145
2 0.630643 0.530570 0.016416 0.004145
2 0.860465 0.515026 0.010944 0.008290
2 0.837893 0.515026 0.012312 0.008290
2 0.811218 0.514508 0.010944 0.007254
2 0.750342 0.515026 0.012312 0.008290
2 0.642271 0.515026 0.012312 0.008290
2 0.627223 0.515026 0.012312 0.008290
2 0.599179 0.514508 0.010944 0.007254
2 0.535568 0.515026 0.012312 0.008290
2 0.452120 0.515026 0.012312 0.008290
2 0.217510 0.515026 0.010944 0.008290
2 0.180575 0.508808 0.010944 0.008290
2 0.135431 0.508808 0.010944 0.008290
2 0.112859 0.511917 0.012312 0.014508
2 0.838577 0.486528 0.016416 0.007254
2 0.751026 0.486528 0.016416 0.007254
2 0.627907 0.486528 0.016416 0.007254
2 0.536252 0.486528 0.016416 0.007254
2 0.497264 0.508290 0.854993 0.056995
2 0.073187 0.477202 0.006840 0.007254
2 0.861149 0.469948 0.009576 0.007254
2 0.773598 0.469948 0.009576 0.007254
2 0.657319 0.469948 0.009576 0.007254
2 0.596443 0.473575 0.016416 0.014508
2 0.560192 0.469948 0.009576 0.007254
2 0.452804 0.469948 0.010944 0.007254
2 0.364569 0.469948 0.009576 0.007254
2 0.231874 0.469948 0.009576 0.007254
2 0.181259 0.469948 0.009576 0.007254
2 0.137483 0.469948 0.006840 0.007254
2 0.497264 0.430052 0.854993 0.053886
2 0.409029 0.388083 0.010944 0.005181
2 0.831053 0.353886 0.012312 0.007254
2 0.665527 0.353886 0.012312 0.007254
2 0.496580 0.349223 0.856361 0.047668
2 0.887141 0.261658 0.012312 0.013472
2 0.869357 0.258549 0.012312 0.007254
2 0.878249 0.269430 0.065663 0.029016
2 0.814637 0.261658 0.012312 0.013472
2 0.796170 0.258549 0.010944 0.007254
2 0.805746 0.269430 0.065663 0.029016
2 0.727086 0.270466 0.042408 0.031088
2 0.711354 0.261658 0.010944 0.013472
2 0.683995 0.268912 0.030096 0.027979
2 0.674419 0.261658 0.010944 0.013472
2 0.637483 0.261658 0.010944 0.013472
2 0.628591 0.269430 0.067031 0.029016
2 0.600547 0.261658 0.010944 0.013472
2 0.564979 0.258549 0.010944 0.007254
2 0.532832 0.269430 0.056088 0.029016
2 0.528728 0.258549 0.012312 0.007254
2 0.510944 0.261658 0.012312 0.013472
2 0.465116 0.269430 0.065663 0.029016
2 0.456224 0.258549 0.012312 0.007254
2 0.437756 0.261658 0.010944 0.013472
2 0.402189 0.258549 0.010944 0.007254
2 0.370725 0.269430 0.054720 0.029016
2 0.348153 0.261658 0.012312 0.013472
2 0.329685 0.258549 0.010944 0.007254
2 0.298222 0.269430 0.054720 0.029016
2 0.275650 0.261658 0.012312 0.013472
2 0.240082 0.258549 0.012312 0.007254
2 0.208618 0.269430 0.056088 0.029016
2 0.185363 0.261658 0.012312 0.013472
2 0.166895 0.258549 0.010944 0.007254
2 0.135431 0.269430 0.054720 0.029016
2 0.112859 0.261658 0.012312 0.013472
2 0.084815 0.255440 0.005472 0.013472
2 0.077975 0.255440 0.005472 0.013472
2 0.164843 0.209845 0.012312 0.007254
2 0.175103 0.210363 0.016416 0.016580
2 0.517784 0.178238 0.813953 0.039378
2 0.199042 0.140933 0.009576 0.010363
2 0.189466 0.140933 0.015048 0.010363
2 0.175787 0.140933 0.006840 0.010363
2 0.140903 0.139896 0.008208 0.016580
2 0.921341 0.112435 0.006840 0.005181
2 0.906293 0.111917 0.006840 0.006218
2 0.898085 0.111917 0.006840 0.006218
2 0.861149 0.111917 0.012312 0.006218
2 0.839945 0.111917 0.005472 0.006218
2 0.889193 0.110363 0.008208 0.009326
2 0.879617 0.109326 0.008208 0.007254
2 0.833105 0.109845 0.005472 0.008290
2 0.827633 0.110363 0.005472 0.009326
2 0.549932 0.097927 0.013680 0.009326
2 0.537620 0.097927 0.005472 0.009326
2 0.512312 0.097927 0.009576 0.009326
2 0.498632 0.097927 0.012312 0.009326
2 0.483584 0.097927 0.015048 0.009326
2 0.468536 0.098446 0.012312 0.010363
2 0.525308 0.095337 0.013680 0.014508
2 0.467852 0.090155 0.005472 0.004145
2 0.448016 0.095337 0.023256 0.014508
2 0.631327 0.062694 0.012312 0.019689
2 0.608071 0.063212 0.028728 0.020725
2 0.549248 0.063212 0.028728 0.020725
2 0.520520 0.062694 0.023256 0.019689
2 0.483584 0.062694 0.023256 0.019689
2 0.453488 0.062694 0.012312 0.019689
2 0.432969 0.062694 0.023256 0.019689
2 0.407661 0.062694 0.021888 0.019689
2 0.387825 0.062694 0.012312 0.019689
2 0.368673 0.062694 0.020520 0.019689
2 0.579343 0.062694 0.025992 0.021762