0 0.693948 0.884814 0.012380 0.007231
0 0.530949 0.884814 0.011004 0.007231
0 0.275791 0.884814 0.012380 0.007231
0 0.208391 0.892045 0.056396 0.021694
0 0.113480 0.884814 0.012380 0.007231
0 0.675378 0.884298 0.011004 0.008264
0 0.085282 0.875517 0.005502 0.013430
0 0.078404 0.875517 0.005502 0.013430
0 0.821183 0.871901 0.011004 0.008264
0 0.568088 0.871901 0.011004 0.008264
0 0.403714 0.871901 0.012380 0.008264
0 0.325309 0.871901 0.012380 0.008264
0 0.308116 0.871384 0.008253 0.007231
0 0.222146 0.871901 0.012380 0.008264
0 0.838377 0.859504 0.012380 0.006198
0 0.820495 0.860021 0.012380 0.007231
0 0.720770 0.879649 0.066025 0.046488
0 0.711829 0.860021 0.012380 0.007231
0 0.676066 0.860021 0.012380 0.007231
0 0.643741 0.879649 0.055021 0.046488
0 0.558459 0.879649 0.066025 0.046488
0 0.549519 0.860021 0.012380 0.007231
0 0.513755 0.860021 0.012380 0.007231
0 0.480743 0.879649 0.056396 0.046488
0 0.394085 0.879649 0.070151 0.046488
0 0.384457 0.860021 0.012380 0.007231
0 0.313618 0.863120 0.008253 0.013430
0 0.310867 0.879649 0.079780 0.046488
0 0.240028 0.860021 0.012380 0.007231
0 0.204264 0.860021 0.012380 0.007231
0 0.140990 0.879649 0.064649 0.046488
0 0.801926 0.858988 0.011004 0.007231
0 0.729711 0.847624 0.009629 0.007231
0 0.458735 0.847107 0.009629 0.006198
0 0.403714 0.847107 0.009629 0.008264
0 0.113480 0.847107 0.009629 0.008264
0 0.072215 0.846591 0.006878 0.007231
0 0.883769 0.864153 0.064649 0.048554
0 0.811554 0.864153 0.066025 0.048554
0 0.747593 0.840393 0.009629 0.007231
0 0.711829 0.839876 0.009629 0.008264
0 0.425722 0.839876 0.006878 0.008264
0 0.384457 0.839876 0.009629 0.008264
0 0.784732 0.822831 0.009629 0.007231
0 0.348006 0.797004 0.011004 0.007231
0 0.856259 0.796488 0.012380 0.008264
0 0.837689 0.796488 0.011004 0.008264
0 0.693260 0.796488 0.011004 0.008264
0 0.276479 0.796488 0.011004 0.008264
0 0.186382 0.796488 0.012380 0.008264
0 0.819807 0.784091 0.011004 0.008264
0 0.566025 0.784091 0.012380 0.008264
0 0.487620 0.784091 0.012380 0.008264
0 0.470426 0.783058 0.008253 0.006198
0 0.384457 0.784091 0.012380 0.008264
0 0.204264 0.783574 0.012380 0.007231
0 0.085282 0.786674 0.005502 0.013430
0 0.078404 0.786674 0.005502 0.013430
1 0.892710 0.759298 0.008253 0.006198
1 0.621733 0.759298 0.008253 0.006198
1 0.566713 0.759298 0.008253 0.008264
1 0.072215 0.758781 0.006878 0.007231
0 0.500000 0.783574 0.859697 0.063017
1 0.908528 0.750000 0.006878 0.004132
1 0.546768 0.751550 0.009629 0.007231
1 0.240028 0.736054 0.009629 0.005165
1 0.204264 0.735021 0.009629 0.007231
1 0.855571 0.708161 0.011004 0.007231
1 0.688446 0.708161 0.012380 0.007231
1 0.522008 0.708161 0.012380 0.007231
1 0.355571 0.708161 0.012380 0.007231
1 0.892710 0.695764 0.011004 0.007231
1 0.817744 0.695764 0.012380 0.007231
1 0.226272 0.695764 0.012380 0.007231
1 0.085282 0.698864 0.005502 0.013430
1 0.078404 0.698864 0.005502 0.013430
1 0.072215 0.670971 0.006878 0.007231
1 0.500000 0.688017 0.859697 0.047521
1 0.709078 0.648760 0.006878 0.004132
1 0.743466 0.647211 0.009629 0.007231
1 0.373453 0.647211 0.009629 0.007231
1 0.855571 0.620351 0.011004 0.007231
1 0.688446 0.620351 0.012380 0.007231
1 0.522008 0.620351 0.012380 0.007231
1 0.355571 0.620351 0.012380 0.007231
1 0.073590 0.583161 0.006878 0.007231
1 0.500000 0.600207 0.859697 0.047521
1 0.874140 0.559401 0.009629 0.007231
1 0.578404 0.559401 0.009629 0.007231
1 0.207015 0.558884 0.009629 0.008264
1 0.854883 0.532541 0.012380 0.007231
1 0.688446 0.532541 0.012380 0.007231
1 0.522008 0.532541 0.012380 0.007231
1 0.355571 0.532541 0.012380 0.007231
1 0.499312 0.512397 0.861073 0.047521
1 0.709078 0.473140 0.006878 0.004132
1 0.743466 0.471591 0.009629 0.007231
1 0.373453 0.471074 0.009629 0.008264
1 0.499312 0.433884 0.861073 0.066116
1 0.699450 0.381715 0.012380 0.005165
1 0.552957 0.381715 0.011004 0.005165
1 0.407153 0.381715 0.011004 0.005165
1 0.260660 0.381715 0.012380 0.005165
1 0.114168 0.381715 0.011004 0.005165
1 0.146492 0.380682 0.012380 0.005165
1 0.795048 0.380165 0.011004 0.006198
1 0.762724 0.380165 0.012380 0.006198
1 0.731774 0.380165 0.011004 0.006198
1 0.648556 0.380165 0.012380 0.006198
1 0.616231 0.380165 0.011004 0.006198
1 0.585282 0.380165 0.012380 0.006198
1 0.502063 0.380165 0.011004 0.006198
1 0.469739 0.380165 0.012380 0.006198
1 0.438790 0.380165 0.011004 0.006198
1 0.356259 0.380165 0.011004 0.006198
1 0.323246 0.380165 0.011004 0.006198
1 0.292985 0.380165 0.011004 0.006198
1 0.209766 0.380165 0.012380 0.006198
1 0.177442 0.380165 0.011004 0.006198
2 0.499312 0.336777 0.861073 0.047521
2 0.780605 0.293905 0.012380 0.005165
2 0.613480 0.293388 0.011004 0.006198
2 0.892710 0.292355 0.011004 0.006198
2 0.854883 0.291839 0.012380 0.005165
2 0.818432 0.292355 0.011004 0.006198
2 0.726272 0.292355 0.011004 0.006198
2 0.688446 0.291839 0.012380 0.005165
2 0.651994 0.292355 0.011004 0.006198
2 0.499312 0.248967 0.861073 0.047521
2 0.520633 0.175103 0.818432 0.032025
2 0.199450 0.141529 0.011004 0.010331
2 0.187758 0.141529 0.009629 0.010331
2 0.176754 0.141529 0.006878 0.010331
2 0.141678 0.140496 0.008253 0.016529
2 0.926410 0.113120 0.006878 0.005165
2 0.911279 0.112603 0.006878 0.006198
2 0.903026 0.112603 0.006878 0.006198
2 0.865887 0.112603 0.012380 0.006198
2 0.844567 0.112603 0.005502 0.006198
2 0.894085 0.111054 0.008253 0.009298
2 0.884457 0.110021 0.008253 0.007231
2 0.837689 0.110537 0.005502 0.008264
2 0.832187 0.111054 0.005502 0.009298
2 0.669188 0.098657 0.009629 0.009298
2 0.657497 0.098657 0.011004 0.009298
2 0.643741 0.098657 0.011004 0.009298
2 0.604539 0.099174 0.012380 0.010331
2 0.591472 0.098657 0.011004 0.009298
2 0.552270 0.098657 0.009629 0.009298
2 0.539202 0.099174 0.013755 0.010331
2 0.522696 0.098657 0.013755 0.009298
2 0.507565 0.099174 0.011004 0.010331
2 0.464924 0.099174 0.011004 0.010331
2 0.434663 0.098657 0.011004 0.009298
2 0.415406 0.098657 0.022008 0.009298
2 0.381706 0.098657 0.009629 0.009298
2 0.370014 0.098657 0.011004 0.009298
2 0.356259 0.099174 0.013755 0.010331
2 0.615543 0.097624 0.009629 0.013430
2 0.629298 0.096074 0.015131 0.014463
2 0.575653 0.096074 0.017882 0.014463
2 0.493810 0.096591 0.013755 0.015496
2 0.453232 0.096074 0.006878 0.014463
2 0.444979 0.096074 0.006878 0.014463
2 0.395461 0.096074 0.015131 0.014463
2 0.335626 0.096074 0.024759 0.014463
2 0.554333 0.067149 0.022008 0.012397
2 0.711142 0.067149 0.016506 0.014463
2 0.647868 0.067149 0.016506 0.014463
2 0.629298 0.067149 0.017882 0.014463
2 0.610729 0.067149 0.016506 0.014463
2 0.533700 0.067149 0.016506 0.014463
2 0.482118 0.067149 0.015131 0.014463
2 0.464924 0.066632 0.016506 0.013430
2 0.447043 0.067149 0.016506 0.014463
2 0.417469 0.067149 0.015131 0.014463
2 0.361761 0.067149 0.016506 0.014463
2 0.343879 0.066632 0.019257 0.013430
2 0.325309 0.067149 0.017882 0.014463
2 0.305365 0.067149 0.016506 0.014463
2 0.685007 0.063533 0.033012 0.019628
2 0.588721 0.063533 0.022008 0.019628
2 0.514443 0.063533 0.027510 0.019628
2 0.394773 0.063533 0.024759 0.019628
2 0.283356 0.063533 0.022008 0.019628
2 0.435351 0.063017 0.015131 0.020661