1 0.722892 0.861054 0.010710 0.007231
1 0.657296 0.861054 0.010710 0.007231
1 0.611780 0.861054 0.010710 0.007231
1 0.546185 0.860537 0.010710 0.006198
1 0.500669 0.861054 0.010710 0.007231
1 0.400268 0.860537 0.010710 0.006198
1 0.354752 0.861054 0.010710 0.007231
1 0.289157 0.861054 0.010710 0.007231
1 0.244980 0.860537 0.010710 0.006198
1 0.200134 0.861054 0.012048 0.007231
1 0.133869 0.860537 0.010710 0.006198
1 0.812584 0.860537 0.010710 0.008264
1 0.568273 0.860537 0.012048 0.008264
1 0.310576 0.860537 0.010710 0.008264
1 0.078983 0.847624 0.005355 0.007231
1 0.694779 0.851756 0.066934 0.025826
1 0.327309 0.851756 0.068273 0.025826
1 0.237617 0.851756 0.068273 0.025826
1 0.487282 0.864153 0.838019 0.050620
1 0.700803 0.821798 0.009371 0.005165
1 0.789826 0.820764 0.010710 0.007231
1 0.656627 0.820764 0.009371 0.007231
1 0.612450 0.820764 0.009371 0.007231
1 0.522758 0.820764 0.009371 0.007231
1 0.422356 0.820764 0.009371 0.007231
1 0.332664 0.820764 0.009371 0.007231
1 0.244311 0.820764 0.009371 0.007231
1 0.155957 0.820764 0.009371 0.007231
1 0.110442 0.820764 0.009371 0.007231
1 0.386881 0.771178 0.016064 0.007231
1 0.487282 0.776860 0.838019 0.051653
1 0.807898 0.734504 0.009371 0.008264
1 0.778447 0.734504 0.006693 0.008264
1 0.680723 0.733988 0.009371 0.007231
1 0.599063 0.733988 0.009371 0.007231
1 0.536145 0.733988 0.009371 0.007231
1 0.474565 0.733988 0.009371 0.007231
1 0.411647 0.733988 0.009371 0.007231
1 0.331325 0.734504 0.006693 0.008264
1 0.269746 0.734504 0.009371 0.008264
1 0.142570 0.734504 0.009371 0.008264
1 0.082999 0.704029 0.005355 0.013430
1 0.076305 0.704029 0.005355 0.013430
1 0.840027 0.700413 0.012048 0.008264
1 0.565596 0.700413 0.012048 0.008264
1 0.292503 0.700413 0.012048 0.008264
1 0.823293 0.688017 0.010710 0.006198
1 0.807229 0.688017 0.010710 0.006198
1 0.791834 0.688017 0.012048 0.006198
1 0.565596 0.688533 0.012048 0.007231
1 0.549531 0.688017 0.012048 0.006198
1 0.533467 0.688017 0.012048 0.006198
1 0.374163 0.688533 0.012048 0.007231
1 0.855422 0.687500 0.010710 0.007231
1 0.840027 0.688017 0.012048 0.008264
1 0.775770 0.688017 0.012048 0.008264
1 0.663989 0.687500 0.010710 0.007231
1 0.648594 0.688017 0.012048 0.008264
1 0.597724 0.688017 0.012048 0.008264
1 0.580991 0.687500 0.010710 0.007231
1 0.405622 0.687500 0.010710 0.007231
1 0.389558 0.687500 0.010710 0.007231
1 0.338688 0.687500 0.010710 0.007231
1 0.323963 0.687500 0.010710 0.007231
1 0.292503 0.688017 0.012048 0.008264
1 0.277108 0.687500 0.010710 0.007231
1 0.244980 0.687500 0.010710 0.007231
1 0.230254 0.688017 0.010710 0.008264
1 0.198126 0.687500 0.010710 0.007231
1 0.182731 0.687500 0.012048 0.007231
1 0.151272 0.687500 0.010710 0.007231
1 0.135877 0.687500 0.012048 0.007231
1 0.071620 0.675103 0.006693 0.007231
1 0.805221 0.672521 0.049531 0.004132
1 0.868139 0.678719 0.049531 0.024793
1 0.736278 0.685434 0.058902 0.038223
1 0.676707 0.678719 0.049531 0.024793
1 0.593708 0.678719 0.049531 0.024793
1 0.696787 0.691632 0.419009 0.050620
1 0.461847 0.685434 0.058902 0.038223
1 0.402276 0.678719 0.049531 0.024793
1 0.319946 0.678719 0.048193 0.024793
1 0.258367 0.678719 0.048193 0.024793
1 0.190763 0.685434 0.057564 0.038223
1 0.277108 0.690599 0.417671 0.052686
1 0.872155 0.648244 0.009371 0.007231
1 0.807898 0.648244 0.009371 0.007231
1 0.743641 0.648244 0.009371 0.007231
1 0.680054 0.646694 0.010710 0.004132
1 0.648594 0.648244 0.009371 0.007231
1 0.597724 0.648244 0.009371 0.007231
1 0.533467 0.648244 0.009371 0.007231
1 0.501339 0.648244 0.009371 0.007231
1 0.469880 0.648244 0.010710 0.007231
1 0.406292 0.648244 0.009371 0.007231
1 0.323293 0.648244 0.009371 0.007231
1 0.260375 0.648244 0.009371 0.007231
1 0.198795 0.648244 0.009371 0.007231
1 0.135877 0.647211 0.009371 0.007231
1 0.690094 0.606921 0.012048 0.007231
1 0.465194 0.606921 0.012048 0.007231
1 0.854752 0.606405 0.012048 0.008264
1 0.367470 0.594008 0.012048 0.006198
1 0.311914 0.594008 0.010710 0.006198
1 0.257028 0.594008 0.010710 0.006198
1 0.202142 0.594008 0.010710 0.006198
1 0.129183 0.594525 0.012048 0.007231
1 0.854752 0.590393 0.014726 0.007231
1 0.078313 0.581095 0.006693 0.007231
1 0.487282 0.605888 0.838019 0.071281
2 0.071620 0.494835 0.006693 0.006198
2 0.614458 0.494835 0.026774 0.008264
2 0.487282 0.517045 0.838019 0.075413
2 0.778447 0.446281 0.012048 0.008264
2 0.479920 0.446281 0.012048 0.008264
2 0.371486 0.446281 0.012048 0.008264
2 0.251673 0.446281 0.010710 0.008264
2 0.845382 0.435434 0.009371 0.007231
2 0.082999 0.437500 0.005355 0.013430
2 0.076305 0.437500 0.005355 0.013430
2 0.444444 0.433884 0.010710 0.008264
2 0.234270 0.433884 0.010710 0.008264
2 0.181392 0.433884 0.012048 0.008264
2 0.871486 0.435950 0.008032 0.016529
2 0.710174 0.422004 0.012048 0.007231
2 0.701473 0.443182 0.061580 0.049587
2 0.605756 0.421488 0.012048 0.006198
2 0.569612 0.421488 0.012048 0.006198
2 0.443775 0.422004 0.012048 0.007231
2 0.407631 0.422004 0.012048 0.007231
2 0.398260 0.443182 0.065596 0.049587
2 0.371486 0.422004 0.012048 0.007231
2 0.251004 0.422004 0.012048 0.007231
2 0.233601 0.422004 0.012048 0.007231
2 0.216198 0.421488 0.012048 0.006198
2 0.828648 0.420971 0.010710 0.007231
2 0.811914 0.420971 0.012048 0.007231
2 0.778447 0.421488 0.012048 0.008264
2 0.641232 0.420971 0.010710 0.007231
2 0.533467 0.420971 0.012048 0.007231
2 0.515395 0.420971 0.010710 0.007231
2 0.479920 0.421488 0.012048 0.008264
2 0.268407 0.420971 0.012048 0.007231
2 0.198126 0.420971 0.010710 0.007231
2 0.181392 0.421488 0.012048 0.008264
2 0.321285 0.429752 0.010710 0.028926
2 0.077644 0.408058 0.005355 0.006198
2 0.825301 0.405992 0.017403 0.004132
2 0.212182 0.405992 0.054886 0.004132
2 0.825301 0.400826 0.017403 0.004132
2 0.769746 0.424587 0.061580 0.051653
2 0.614458 0.418388 0.064257 0.039256
2 0.547523 0.424587 0.056225 0.051653
2 0.475234 0.424587 0.056225 0.051653
2 0.282463 0.411674 0.053548 0.025826
2 0.212182 0.400826 0.054886 0.004132
2 0.137216 0.424587 0.062918 0.051653
2 0.285810 0.381715 0.009371 0.007231
2 0.216198 0.381715 0.009371 0.007231
2 0.146586 0.381715 0.009371 0.007231
2 0.077644 0.322314 0.005355 0.006198
2 0.487282 0.347107 0.838019 0.070248
2 0.869478 0.294938 0.009371 0.007231
2 0.799866 0.294938 0.009371 0.007231
2 0.728916 0.294938 0.009371 0.007231
2 0.660643 0.294938 0.006693 0.007231
2 0.279786 0.295971 0.013387 0.011364
2 0.449799 0.285124 0.050870 0.004132
2 0.832664 0.283574 0.016064 0.015496
2 0.195448 0.281508 0.010710 0.015496
2 0.738956 0.268079 0.010710 0.007231
2 0.726238 0.268079 0.012048 0.007231
2 0.690763 0.268079 0.010710 0.007231
2 0.658635 0.268079 0.010710 0.007231
2 0.661981 0.275826 0.049531 0.022727
2 0.510710 0.268079 0.012048 0.007231
2 0.494645 0.268079 0.012048 0.007231
2 0.478581 0.268079 0.012048 0.007231
2 0.446452 0.268079 0.012048 0.007231
2 0.429719 0.268079 0.010710 0.007231
2 0.394913 0.268079 0.010710 0.007231
2 0.195448 0.268595 0.010710 0.008264
2 0.110442 0.274277 0.012048 0.019628
2 0.868809 0.267562 0.010710 0.008264
2 0.833333 0.267562 0.012048 0.008264
2 0.674699 0.267562 0.010710 0.008264
2 0.462517 0.267562 0.012048 0.008264
2 0.153949 0.267562 0.010710 0.008264
2 0.183400 0.260331 0.010710 0.014463
2 0.675368 0.255682 0.012048 0.007231
2 0.602410 0.269628 0.058902 0.035124
2 0.519411 0.269628 0.058902 0.035124
2 0.462517 0.255682 0.012048 0.007231
2 0.366131 0.269628 0.049531 0.035124
2 0.305890 0.269628 0.060241 0.035124
2 0.082999 0.258781 0.005355 0.013430
2 0.076305 0.258781 0.005355 0.013430
2 0.135207 0.255165 0.010710 0.008264
2 0.751673 0.258264 0.006693 0.016529
2 0.793842 0.257231 0.008032 0.016529
2 0.772423 0.257231 0.008032 0.016529
2 0.263722 0.258264 0.005355 0.026860
2 0.162651 0.243802 0.012048 0.006198
2 0.869478 0.243285 0.012048 0.007231
2 0.887550 0.251033 0.010710 0.028926
2 0.851406 0.251033 0.010710 0.028926
2 0.833333 0.239669 0.014726 0.006198
2 0.220214 0.252583 0.022758 0.038223
2 0.155288 0.251550 0.032129 0.040289
2 0.070950 0.229339 0.005355 0.006198
2 0.722892 0.152376 0.016064 0.011364
2 0.507363 0.174587 0.797858 0.057851
2 0.198126 0.149793 0.010710 0.012397
2 0.137885 0.146178 0.008032 0.005165
2 0.183400 0.141529 0.008032 0.010331
2 0.172021 0.141529 0.009371 0.010331
2 0.902945 0.113120 0.006693 0.005165
2 0.888220 0.112603 0.006693 0.006198
2 0.880187 0.112603 0.006693 0.006198
2 0.841365 0.112603 0.006693 0.006198
2 0.831995 0.112603 0.009371 0.006198
2 0.823293 0.112603 0.005355 0.006198
2 0.895582 0.111570 0.005355 0.008264
2 0.871486 0.111054 0.008032 0.009298
2 0.861446 0.111054 0.009371 0.009298
2 0.810576 0.111054 0.006693 0.009298
2 0.523427 0.096074 0.016064 0.014463
2 0.506024 0.096074 0.016064 0.014463
2 0.487282 0.096074 0.018742 0.014463
2 0.469880 0.096074 0.018742 0.014463
2 0.450469 0.096591 0.020080 0.015496
2 0.540161 0.067149 0.020080 0.012397
2 0.508032 0.067149 0.014726 0.014463
2 0.469880 0.066632 0.013387 0.013430
2 0.431727 0.067149 0.017403 0.014463
2 0.524096 0.063017 0.014726 0.020661
2 0.488621 0.063533 0.018742 0.021694
2 0.451138 0.063533 0.018742 0.021694