0 0.741781 0.901961 0.023288 0.004128
0 0.119178 0.901961 0.021918 0.004128
1 0.113699 0.855005 0.016438 0.007224
1 0.497260 0.869969 0.857534 0.068111
1 0.851370 0.817853 0.009589 0.007224
1 0.439041 0.817853 0.009589 0.007224
1 0.721233 0.772446 0.012329 0.007224
1 0.689726 0.772446 0.012329 0.007224
1 0.573288 0.772446 0.012329 0.007224
1 0.315753 0.772446 0.012329 0.007224
1 0.245890 0.772446 0.012329 0.007224
1 0.176027 0.772446 0.012329 0.007224
1 0.143836 0.772446 0.010959 0.007224
1 0.113014 0.772446 0.012329 0.007224
1 0.080137 0.759030 0.006849 0.007224
1 0.260274 0.756450 0.021918 0.004128
1 0.345205 0.763158 0.052055 0.025800
1 0.497260 0.783798 0.857534 0.067079
1 0.252740 0.729618 0.017808 0.004128
1 0.265068 0.711558 0.012329 0.007224
1 0.249315 0.711558 0.010959 0.007224
1 0.852055 0.711042 0.010959 0.008256
1 0.755479 0.711042 0.012329 0.008256
1 0.643836 0.711042 0.010959 0.008256
1 0.547260 0.711042 0.012329 0.008256
1 0.435616 0.711042 0.010959 0.008256
1 0.408904 0.711042 0.012329 0.008256
1 0.339041 0.711042 0.012329 0.008256
1 0.084932 0.702270 0.005479 0.013416
1 0.078082 0.702270 0.005479 0.013416
1 0.812329 0.698142 0.010959 0.007224
1 0.777397 0.698658 0.012329 0.008256
1 0.699315 0.698658 0.012329 0.008256
1 0.604110 0.698142 0.010959 0.007224
1 0.569178 0.698658 0.012329 0.008256
1 0.491096 0.698658 0.012329 0.008256
1 0.395890 0.698142 0.010959 0.007224
1 0.360959 0.698142 0.012329 0.007224
1 0.281507 0.698658 0.012329 0.008256
1 0.134932 0.701754 0.078082 0.014448
1 0.222603 0.701238 0.006849 0.015480
1 0.197945 0.701238 0.006849 0.017544
1 0.893836 0.686275 0.012329 0.006192
1 0.851370 0.686791 0.012329 0.007224
1 0.755479 0.686791 0.012329 0.007224
1 0.740411 0.707430 0.023288 0.048504
1 0.685616 0.686275 0.012329 0.006192
1 0.643151 0.686791 0.012329 0.007224
1 0.547260 0.686791 0.012329 0.007224
1 0.532192 0.707430 0.023288 0.048504
1 0.477397 0.686275 0.012329 0.006192
1 0.339041 0.686791 0.012329 0.007224
1 0.323973 0.707430 0.023288 0.048504
1 0.777397 0.686275 0.012329 0.008256
1 0.569178 0.686275 0.012329 0.008256
1 0.434932 0.686275 0.012329 0.008256
1 0.408904 0.686275 0.012329 0.008256
1 0.360959 0.686275 0.012329 0.008256
1 0.280822 0.682663 0.016438 0.007224
1 0.135616 0.680083 0.010959 0.012384
1 0.080822 0.672859 0.005479 0.006192
1 0.073288 0.673375 0.006849 0.007224
1 0.697260 0.670795 0.013699 0.004128
1 0.489041 0.670795 0.013699 0.004128
1 0.890411 0.683179 0.046575 0.039216
1 0.838356 0.689370 0.038356 0.051600
1 0.799315 0.676471 0.036986 0.025800
1 0.681507 0.683179 0.045205 0.039216
1 0.630137 0.689370 0.038356 0.051600
1 0.591096 0.676471 0.036986 0.025800
1 0.473288 0.683179 0.045205 0.039216
1 0.426712 0.683179 0.028767 0.039216
1 0.382877 0.676471 0.036986 0.025800
1 0.573288 0.625387 0.012329 0.008256
1 0.428082 0.624871 0.012329 0.007224
1 0.331507 0.625387 0.010959 0.008256
1 0.237671 0.624871 0.012329 0.007224
1 0.113014 0.625387 0.012329 0.008256
1 0.073288 0.587719 0.006849 0.007224
1 0.497260 0.611971 0.857534 0.068111
1 0.456849 0.560888 0.009589 0.007224
1 0.095890 0.558824 0.005479 0.009288
2 0.079452 0.488132 0.005479 0.006192
1 0.497260 0.512900 0.857534 0.068111
2 0.450000 0.460784 0.009589 0.007224
2 0.721233 0.415377 0.012329 0.007224
2 0.689726 0.415377 0.012329 0.007224
2 0.573288 0.415377 0.012329 0.007224
2 0.315753 0.415377 0.012329 0.007224
2 0.245890 0.415377 0.012329 0.007224
2 0.176027 0.415377 0.012329 0.007224
2 0.143836 0.415377 0.010959 0.007224
2 0.113014 0.415377 0.012329 0.007224
2 0.079452 0.400929 0.005479 0.005160
2 0.260274 0.399381 0.021918 0.004128
2 0.345205 0.406089 0.052055 0.025800
2 0.497260 0.426729 0.857534 0.067079
2 0.825342 0.353973 0.012329 0.008256
2 0.734932 0.353973 0.012329 0.008256
2 0.644521 0.353973 0.012329 0.008256
2 0.527397 0.353973 0.010959 0.008256
2 0.341096 0.353973 0.010959 0.008256
2 0.272603 0.353973 0.010959 0.008256
2 0.230137 0.353973 0.010959 0.008256
2 0.203425 0.353973 0.012329 0.008256
2 0.113014 0.353973 0.012329 0.008256
2 0.084932 0.345201 0.005479 0.013416
2 0.078082 0.345201 0.005479 0.013416
2 0.604795 0.341589 0.012329 0.008256
2 0.570548 0.341589 0.012329 0.008256
2 0.493151 0.341589 0.010959 0.008256
2 0.458219 0.341589 0.012329 0.008256
2 0.423973 0.341589 0.012329 0.008256
2 0.156164 0.341589 0.010959 0.008256
2 0.893836 0.329205 0.012329 0.006192
2 0.825342 0.329721 0.012329 0.007224
2 0.745890 0.350361 0.031507 0.048504
2 0.734932 0.329721 0.012329 0.007224
2 0.570548 0.329721 0.012329 0.007224
2 0.538356 0.350361 0.032877 0.048504
2 0.528082 0.329721 0.012329 0.007224
2 0.458219 0.329721 0.012329 0.007224
2 0.384247 0.329205 0.012329 0.006192
2 0.341781 0.329721 0.012329 0.007224
2 0.326027 0.350361 0.021918 0.048504
2 0.271918 0.329721 0.012329 0.007224
2 0.203425 0.329721 0.012329 0.007224
2 0.123973 0.350361 0.031507 0.048504
2 0.113014 0.329721 0.012329 0.007224
2 0.644521 0.329205 0.012329 0.008256
2 0.229452 0.329205 0.012329 0.008256
2 0.155479 0.329205 0.012329 0.008256
2 0.890411 0.326109 0.046575 0.039216
2 0.843151 0.332301 0.028767 0.051600
2 0.794521 0.326109 0.046575 0.039216
2 0.682877 0.326109 0.045205 0.039216
2 0.630822 0.332301 0.036986 0.051600
2 0.592466 0.319401 0.036986 0.025800
2 0.480137 0.319401 0.036986 0.025800
2 0.423288 0.332301 0.038356 0.051600
2 0.380137 0.326109 0.045205 0.039216
2 0.268493 0.332301 0.046575 0.051600
2 0.221233 0.326109 0.028767 0.039216
2 0.178082 0.326109 0.035616 0.039216
2 0.721233 0.286894 0.026027 0.004128
2 0.261644 0.286894 0.024658 0.004128
2 0.202740 0.286894 0.019178 0.004128
2 0.737671 0.268318 0.012329 0.008256
2 0.713699 0.268318 0.010959 0.008256
2 0.587671 0.267802 0.010959 0.007224
2 0.278082 0.268318 0.010959 0.008256
2 0.254110 0.268318 0.012329 0.008256
2 0.215068 0.268318 0.010959 0.008256
2 0.197945 0.268318 0.012329 0.008256
2 0.254795 0.239938 0.016438 0.007224
2 0.072603 0.230134 0.005479 0.006192
2 0.785616 0.222910 0.039726 0.004128
2 0.497945 0.254902 0.856164 0.068111
2 0.518493 0.172859 0.815068 0.025800
2 0.538356 0.150671 0.010959 0.012384
2 0.204795 0.143963 0.009589 0.007224
2 0.187671 0.142415 0.010959 0.010320
2 0.176027 0.142415 0.009589 0.010320
2 0.141096 0.141383 0.008219 0.016512
2 0.922603 0.114035 0.006849 0.005160
2 0.907534 0.113519 0.006849 0.006192
2 0.899315 0.113519 0.006849 0.006192
2 0.862329 0.113519 0.012329 0.006192
2 0.841096 0.113519 0.005479 0.006192
2 0.890411 0.111971 0.008219 0.009288
2 0.880822 0.110939 0.008219 0.007224
2 0.834247 0.111455 0.005479 0.008256
2 0.828767 0.111971 0.005479 0.009288
2 0.566438 0.099587 0.009589 0.009288
2 0.554795 0.099587 0.010959 0.009288
2 0.541781 0.099587 0.012329 0.009288
2 0.462329 0.099587 0.015068 0.009288
2 0.447945 0.099587 0.010959 0.009288
2 0.493836 0.099071 0.012329 0.010320
2 0.478767 0.099071 0.015068 0.010320
2 0.520548 0.097007 0.024658 0.014448
2 0.432192 0.097007 0.017808 0.014448
2 0.615068 0.070691 0.019178 0.019608
2 0.593836 0.067595 0.020548 0.013416
2 0.573288 0.068111 0.015068 0.014448
2 0.520548 0.070691 0.019178 0.019608
2 0.501370 0.067595 0.013699 0.013416
2 0.482877 0.068111 0.017808 0.014448
2 0.427397 0.068111 0.016438 0.014448
2 0.459589 0.064499 0.023288 0.019608
2 0.382877 0.064499 0.023288 0.019608
2 0.552740 0.064499 0.020548 0.021672
2 0.406849 0.063983 0.021918 0.020640