0 0.549512 0.887681 0.011158 0.007246
0 0.902371 0.887164 0.011158 0.008282
0 0.643654 0.887164 0.012552 0.008282
0 0.893305 0.891304 0.068340 0.028986
0 0.864714 0.884058 0.011158 0.014493
0 0.846583 0.880952 0.011158 0.008282
0 0.808229 0.880952 0.012552 0.008282
0 0.691771 0.891304 0.030683 0.028986
0 0.682008 0.884058 0.011158 0.014493
0 0.662483 0.880952 0.011158 0.008282
0 0.629010 0.891304 0.058577 0.028986
0 0.531381 0.880952 0.011158 0.008282
0 0.540446 0.891304 0.068340 0.028986
0 0.493026 0.880952 0.012552 0.008282
0 0.454672 0.880952 0.011158 0.008282
0 0.361925 0.880952 0.012552 0.008282
0 0.324268 0.880952 0.012552 0.008282
0 0.285914 0.880952 0.011158 0.008282
0 0.231520 0.880952 0.011158 0.008282
0 0.177824 0.884058 0.012552 0.014493
0 0.902371 0.874741 0.011158 0.008282
0 0.813110 0.888199 0.058577 0.035197
0 0.735704 0.890787 0.040446 0.040373
0 0.643654 0.874741 0.012552 0.008282
0 0.549512 0.874741 0.011158 0.008282
0 0.460251 0.888199 0.058577 0.035197
0 0.371688 0.888199 0.068340 0.035197
0 0.291492 0.888199 0.058577 0.035197
0 0.200139 0.888199 0.054393 0.035197
0 0.151325 0.888199 0.029289 0.035197
0 0.085077 0.877329 0.005579 0.013458
0 0.078103 0.877329 0.005579 0.013458
0 0.723849 0.877847 0.435146 0.026915
1 0.072524 0.848861 0.005579 0.006211
1 0.287308 0.868012 0.435146 0.046584
1 0.523013 0.808489 0.011158 0.008282
1 0.246165 0.808489 0.012552 0.008282
1 0.456764 0.795549 0.012552 0.007246
1 0.085077 0.798654 0.005579 0.013458
1 0.078103 0.798654 0.005579 0.013458
1 0.621339 0.786749 0.009763 0.006211
1 0.523013 0.786749 0.011158 0.006211
1 0.147141 0.786749 0.009763 0.006211
1 0.456764 0.786232 0.012552 0.007246
1 0.423989 0.786232 0.011158 0.007246
1 0.345188 0.786232 0.009763 0.007246
1 0.246862 0.786232 0.011158 0.007246
1 0.072524 0.770704 0.005579 0.007246
1 0.895397 0.789337 0.066946 0.046584
1 0.817294 0.789337 0.044630 0.046584
1 0.716876 0.789337 0.111576 0.046584
1 0.577406 0.782609 0.100418 0.033126
1 0.440028 0.789337 0.110181 0.046584
1 0.299861 0.782609 0.100418 0.033126
1 0.163877 0.789337 0.110181 0.046584
1 0.701534 0.729814 0.011158 0.008282
1 0.661785 0.729814 0.012552 0.008282
1 0.527197 0.729814 0.011158 0.008282
1 0.352859 0.729814 0.011158 0.008282
1 0.085077 0.721014 0.005579 0.013458
1 0.078103 0.721014 0.005579 0.013458
1 0.829847 0.717391 0.011158 0.008282
1 0.701534 0.717391 0.011158 0.008282
1 0.661785 0.717391 0.012552 0.008282
1 0.509066 0.716356 0.008368 0.006211
1 0.487448 0.717391 0.012552 0.008282
1 0.334728 0.716356 0.008368 0.006211
1 0.312413 0.717391 0.011158 0.008282
1 0.218968 0.717391 0.011158 0.008282
1 0.164575 0.716356 0.008368 0.006211
1 0.884937 0.708075 0.009763 0.006211
1 0.829847 0.708075 0.011158 0.006211
1 0.701534 0.708075 0.011158 0.006211
1 0.681311 0.708075 0.009763 0.006211
1 0.527197 0.708075 0.011158 0.006211
1 0.507671 0.708075 0.011158 0.006211
1 0.372385 0.708075 0.011158 0.006211
1 0.352859 0.708075 0.011158 0.006211
1 0.218968 0.708075 0.011158 0.006211
1 0.163180 0.708075 0.011158 0.006211
1 0.661785 0.707557 0.012552 0.007246
1 0.546722 0.707557 0.011158 0.007246
1 0.487448 0.707557 0.012552 0.007246
1 0.332636 0.707557 0.012552 0.007246
1 0.313110 0.707557 0.012552 0.007246
1 0.894003 0.710663 0.066946 0.046584
1 0.843096 0.703416 0.020921 0.032091
1 0.799163 0.710663 0.016736 0.046584
1 0.735704 0.710663 0.059972 0.046584
1 0.652022 0.710663 0.071130 0.046584
1 0.561367 0.704451 0.059972 0.034161
1 0.476987 0.710663 0.069735 0.046584
1 0.386332 0.704451 0.061367 0.034161
1 0.302650 0.710663 0.069735 0.046584
1 0.209205 0.710663 0.066946 0.046584
1 0.153417 0.704451 0.030683 0.034161
1 0.114365 0.710663 0.016736 0.046584
1 0.200139 0.668737 0.051604 0.004141
1 0.134589 0.668737 0.051604 0.004141
1 0.230126 0.645445 0.011158 0.007246
1 0.196653 0.645445 0.011158 0.007246
1 0.163877 0.645445 0.012552 0.007246
1 0.130404 0.645445 0.012552 0.007246
1 0.213389 0.639234 0.011158 0.007246
1 0.147141 0.639234 0.012552 0.007246
1 0.085077 0.642340 0.005579 0.013458
1 0.078103 0.642340 0.005579 0.013458
1 0.905858 0.638716 0.012552 0.008282
1 0.872385 0.638716 0.012552 0.008282
1 0.839609 0.638716 0.011158 0.008282
1 0.806137 0.638716 0.011158 0.008282
1 0.753138 0.638716 0.011158 0.008282
1 0.855649 0.629400 0.009763 0.006211
1 0.839609 0.629400 0.011158 0.006211
1 0.822176 0.629400 0.009763 0.006211
1 0.806137 0.629400 0.011158 0.006211
1 0.769177 0.629400 0.009763 0.006211
1 0.753138 0.629400 0.011158 0.006211
1 0.736402 0.629400 0.011158 0.006211
1 0.905160 0.629400 0.011158 0.008282
1 0.888424 0.628882 0.011158 0.007246
1 0.872385 0.628882 0.012552 0.007246
1 0.719665 0.628882 0.011158 0.007246
1 0.499303 0.629400 0.011158 0.008282
1 0.361925 0.623188 0.015342 0.006211
1 0.071827 0.613354 0.006974 0.007246
1 0.901674 0.620600 0.051604 0.023810
1 0.836123 0.610766 0.051604 0.004141
1 0.749651 0.610766 0.051604 0.004141
1 0.723849 0.631988 0.435146 0.046584
1 0.529289 0.625776 0.051604 0.034161
1 0.288006 0.638716 0.436541 0.060041
1 0.394003 0.625776 0.026499 0.034161
1 0.884937 0.566770 0.012552 0.007246
1 0.810321 0.566770 0.011158 0.007246
1 0.718968 0.566770 0.012552 0.007246
1 0.645049 0.566770 0.012552 0.007246
1 0.408647 0.566770 0.011158 0.007246
1 0.334728 0.566770 0.011158 0.007246
1 0.243375 0.566770 0.012552 0.007246
1 0.168759 0.566770 0.011158 0.007246
1 0.903068 0.560559 0.012552 0.007246
1 0.829149 0.560559 0.012552 0.007246
1 0.558577 0.560559 0.012552 0.007246
1 0.483264 0.560559 0.012552 0.007246
1 0.085077 0.563665 0.005579 0.013458
1 0.078103 0.563665 0.005579 0.013458
1 0.723849 0.573499 0.435146 0.045549
1 0.288703 0.571429 0.437936 0.041408
1 0.903068 0.481884 0.012552 0.007246
1 0.829149 0.481884 0.012552 0.007246
1 0.723849 0.481884 0.011158 0.007246
1 0.648536 0.481884 0.011158 0.007246
1 0.505579 0.494824 0.871688 0.045549
1 0.072524 0.456004 0.008368 0.007246
1 0.711297 0.432712 0.055788 0.004141
1 0.640167 0.432712 0.055788 0.004141
1 0.191771 0.429089 0.020921 0.009317
1 0.504881 0.416149 0.873082 0.045549
1 0.079498 0.376294 0.005579 0.005176
1 0.504881 0.337474 0.873082 0.045549
2 0.504881 0.258799 0.873082 0.045549
2 0.416318 0.196687 0.051604 0.004141
2 0.349372 0.196687 0.051604 0.004141
2 0.262901 0.196687 0.051604 0.004141
2 0.195955 0.196687 0.051604 0.004141
2 0.526499 0.180124 0.829847 0.045549
2 0.218271 0.139752 0.009763 0.010352
2 0.201534 0.139752 0.009763 0.010352
2 0.189679 0.139752 0.011158 0.010352
2 0.177824 0.139752 0.006974 0.010352
2 0.142259 0.138716 0.008368 0.016563
2 0.937936 0.111284 0.006974 0.005176
2 0.922594 0.110766 0.006974 0.006211
2 0.914226 0.110766 0.006974 0.006211
2 0.876569 0.110766 0.012552 0.006211
2 0.854951 0.110766 0.005579 0.006211
2 0.905160 0.109213 0.008368 0.009317
2 0.895397 0.108178 0.008368 0.007246
2 0.847978 0.108696 0.005579 0.008282
2 0.842399 0.109213 0.005579 0.009317
2 0.440725 0.099379 0.008368 0.006211
2 0.566946 0.096791 0.012552 0.009317
2 0.554393 0.096791 0.009763 0.009317
2 0.542538 0.096791 0.011158 0.009317
2 0.527197 0.097308 0.013947 0.010352
2 0.475593 0.096791 0.011158 0.009317
2 0.460948 0.097308 0.015342 0.010352
2 0.509066 0.094203 0.016736 0.014493
2 0.488145 0.094203 0.011158 0.014493
2 0.444909 0.094203 0.013947 0.014493
2 0.557880 0.064700 0.013947 0.013458
2 0.516736 0.065217 0.018131 0.014493
2 0.496513 0.065217 0.016736 0.014493
2 0.479079 0.064700 0.015342 0.013458
2 0.457462 0.061594 0.022315 0.019669
2 0.537657 0.061077 0.020921 0.020704