0 0.895461 0.893814 0.011004 0.020619
0 0.858322 0.893814 0.011004 0.020619
0 0.822558 0.887629 0.011004 0.008247
0 0.803301 0.893814 0.011004 0.020619
0 0.784044 0.893814 0.011004 0.020619
0 0.765475 0.887629 0.012380 0.008247
0 0.729023 0.887629 0.011004 0.008247
0 0.711142 0.887629 0.011004 0.008247
0 0.691884 0.893814 0.011004 0.020619
0 0.672627 0.893814 0.011004 0.020619
0 0.636864 0.893814 0.011004 0.020619
0 0.617607 0.887629 0.011004 0.008247
0 0.599725 0.887629 0.011004 0.008247
0 0.580468 0.893814 0.011004 0.020619
0 0.544704 0.893814 0.011004 0.020619
0 0.525447 0.893814 0.011004 0.020619
0 0.506190 0.887629 0.011004 0.008247
0 0.488308 0.887629 0.011004 0.008247
0 0.451857 0.887629 0.012380 0.008247
0 0.433287 0.893814 0.011004 0.020619
0 0.414030 0.893814 0.011004 0.020619
0 0.394773 0.887629 0.011004 0.008247
0 0.359010 0.887629 0.011004 0.008247
0 0.340440 0.887629 0.012380 0.008247
0 0.321871 0.893814 0.011004 0.020619
0 0.302613 0.893814 0.011004 0.020619
0 0.266850 0.893814 0.011004 0.020619
0 0.247593 0.887629 0.011004 0.008247
0 0.229023 0.887629 0.012380 0.008247
0 0.210454 0.893814 0.011004 0.020619
0 0.174691 0.893814 0.011004 0.020619
0 0.155433 0.893814 0.011004 0.020619
0 0.136176 0.887629 0.011004 0.008247
0 0.117607 0.887629 0.012380 0.008247
0 0.876891 0.884536 0.012380 0.014433
0 0.089409 0.877835 0.005502 0.013402
0 0.082531 0.877835 0.005502 0.013402
0 0.719395 0.884536 0.429161 0.039175
0 0.288858 0.878351 0.429161 0.026804
1 0.678817 0.809794 0.012380 0.007216
1 0.652682 0.809278 0.012380 0.008247
1 0.402338 0.809278 0.012380 0.008247
1 0.367263 0.809278 0.011004 0.008247
1 0.341128 0.809278 0.011004 0.008247
1 0.306740 0.809278 0.011004 0.008247
1 0.287483 0.809278 0.011004 0.008247
1 0.202889 0.809278 0.012380 0.008247
1 0.907840 0.794845 0.011004 0.004124
1 0.855571 0.794845 0.011004 0.004124
1 0.803301 0.794845 0.011004 0.004124
1 0.733838 0.800515 0.006878 0.015464
1 0.220083 0.796392 0.011004 0.007216
1 0.151994 0.796392 0.012380 0.007216
1 0.089409 0.799485 0.005502 0.013402
1 0.082531 0.799485 0.005502 0.013402
1 0.718019 0.800000 0.011004 0.026804
1 0.402338 0.784536 0.012380 0.006186
1 0.380330 0.804639 0.037139 0.046392
1 0.367950 0.784536 0.012380 0.006186
1 0.219395 0.785052 0.012380 0.007216
1 0.202889 0.784536 0.012380 0.008247
1 0.151994 0.784021 0.012380 0.007216
1 0.653370 0.784536 0.016506 0.012371
1 0.613480 0.803093 0.057772 0.049485
1 0.306052 0.781443 0.015131 0.006186
1 0.340440 0.780928 0.015131 0.007216
1 0.287483 0.780928 0.016506 0.007216
1 0.077029 0.771649 0.005502 0.007216
1 0.529574 0.789175 0.060523 0.048454
1 0.462861 0.789175 0.061898 0.048454
1 0.193948 0.776289 0.027510 0.022680
1 0.143741 0.789175 0.061898 0.048454
1 0.239340 0.780928 0.030261 0.038144
1 0.402338 0.764948 0.009629 0.008247
1 0.367950 0.764948 0.009629 0.008247
1 0.310867 0.780412 0.038514 0.039175
1 0.521320 0.748969 0.011004 0.005155
1 0.504127 0.748969 0.009629 0.005155
1 0.487620 0.748969 0.009629 0.005155
1 0.469739 0.748969 0.006878 0.005155
1 0.204264 0.748969 0.006878 0.005155
1 0.116231 0.748969 0.006878 0.005155
1 0.553645 0.747938 0.009629 0.007216
1 0.537139 0.747938 0.009629 0.007216
1 0.454608 0.747938 0.009629 0.007216
1 0.438102 0.747938 0.009629 0.007216
1 0.168501 0.747938 0.009629 0.007216
1 0.151994 0.747938 0.009629 0.007216
1 0.135488 0.747938 0.009629 0.007216
1 0.235901 0.745876 0.009629 0.005155
1 0.219395 0.744845 0.009629 0.007216
1 0.870702 0.730928 0.011004 0.008247
1 0.792985 0.730928 0.012380 0.008247
1 0.771664 0.730928 0.011004 0.008247
1 0.674691 0.730928 0.012380 0.008247
1 0.631362 0.730928 0.011004 0.008247
1 0.392710 0.730928 0.012380 0.008247
1 0.214580 0.730928 0.011004 0.008247
1 0.140990 0.730928 0.012380 0.008247
1 0.526823 0.724742 0.011004 0.008247
1 0.511004 0.724742 0.012380 0.008247
1 0.089409 0.722165 0.005502 0.013402
1 0.082531 0.722165 0.005502 0.013402
1 0.814305 0.718557 0.011004 0.008247
1 0.732462 0.718557 0.012380 0.008247
1 0.696699 0.718557 0.012380 0.008247
1 0.609354 0.718557 0.011004 0.008247
1 0.480055 0.718041 0.011004 0.007216
1 0.433287 0.718041 0.011004 0.007216
1 0.417469 0.718557 0.012380 0.008247
1 0.259285 0.718557 0.012380 0.008247
1 0.163686 0.718041 0.011004 0.007216
1 0.464237 0.711856 0.012380 0.007216
1 0.259972 0.709278 0.011004 0.006186
1 0.214580 0.709278 0.011004 0.006186
1 0.392710 0.708763 0.012380 0.007216
1 0.199450 0.708763 0.011004 0.007216
1 0.163686 0.708763 0.011004 0.007216
1 0.140990 0.708763 0.012380 0.007216
1 0.892710 0.726289 0.055021 0.046392
1 0.871389 0.706701 0.012380 0.007216
1 0.696699 0.706701 0.012380 0.007216
1 0.674691 0.706701 0.012380 0.007216
1 0.652682 0.706186 0.012380 0.006186
1 0.630674 0.706701 0.012380 0.007216
1 0.792985 0.706186 0.012380 0.008247
1 0.718019 0.705670 0.011004 0.007216
1 0.608666 0.706186 0.012380 0.008247
1 0.770977 0.703093 0.015131 0.006186
1 0.508253 0.709794 0.048143 0.025773
1 0.444979 0.703093 0.048143 0.024742
1 0.836314 0.711856 0.016506 0.046392
1 0.729711 0.690722 0.015131 0.004124
1 0.354883 0.711856 0.085282 0.046392
1 0.253095 0.711856 0.068776 0.046392
1 0.186382 0.700515 0.037139 0.023711
1 0.129298 0.700515 0.033012 0.023711
1 0.718707 0.685567 0.037139 0.004124
1 0.893398 0.686082 0.009629 0.007216
1 0.871389 0.686598 0.009629 0.008247
1 0.797111 0.688144 0.045392 0.011340
1 0.596974 0.708763 0.079780 0.052577
1 0.792985 0.668557 0.009629 0.007216
1 0.529574 0.646392 0.011004 0.008247
1 0.513755 0.646392 0.012380 0.008247
1 0.089409 0.643814 0.005502 0.013402
1 0.082531 0.643814 0.005502 0.013402
1 0.808803 0.640206 0.011004 0.008247
1 0.613480 0.640206 0.011004 0.008247
1 0.482806 0.640206 0.011004 0.008247
1 0.420908 0.640206 0.011004 0.008247
1 0.370014 0.640206 0.011004 0.008247
1 0.163686 0.640206 0.011004 0.008247
1 0.466988 0.634021 0.012380 0.008247
1 0.830812 0.630928 0.011004 0.006186
1 0.766850 0.630928 0.009629 0.006186
1 0.731774 0.630928 0.011004 0.006186
1 0.613480 0.630928 0.011004 0.006186
1 0.201513 0.630928 0.009629 0.006186
1 0.141678 0.630928 0.011004 0.006186
1 0.809491 0.630412 0.012380 0.007216
1 0.663686 0.630412 0.012380 0.007216
1 0.396149 0.630412 0.011004 0.007216
1 0.370702 0.630412 0.012380 0.007216
1 0.164374 0.630412 0.012380 0.007216
1 0.511004 0.631443 0.048143 0.025773
1 0.447730 0.628351 0.048143 0.031959
1 0.076341 0.614948 0.006878 0.007216
1 0.636176 0.622165 0.037139 0.023711
1 0.187758 0.622165 0.039890 0.023711
1 0.129986 0.622165 0.034388 0.023711
1 0.288858 0.631443 0.429161 0.050515
1 0.719395 0.630412 0.429161 0.052577
1 0.364512 0.562887 0.008253 0.006186
1 0.196699 0.562887 0.008253 0.006186
1 0.089409 0.565464 0.005502 0.013402
1 0.082531 0.565464 0.005502 0.013402
1 0.814305 0.561856 0.011004 0.008247
1 0.639615 0.561856 0.011004 0.008247
1 0.557772 0.561856 0.012380 0.008247
1 0.482806 0.561856 0.011004 0.008247
1 0.392710 0.561856 0.012380 0.008247
1 0.224897 0.561856 0.012380 0.008247
1 0.845942 0.552577 0.011004 0.006186
1 0.833563 0.552577 0.011004 0.006186
1 0.814305 0.553093 0.011004 0.007216
1 0.702201 0.553093 0.012380 0.007216
1 0.683631 0.552577 0.011004 0.006186
1 0.670564 0.552577 0.009629 0.006186
1 0.657497 0.552577 0.011004 0.006186
1 0.639615 0.552577 0.011004 0.006186
1 0.620358 0.552062 0.011004 0.007216
1 0.507565 0.550515 0.011004 0.006186
1 0.173315 0.550515 0.011004 0.006186
1 0.500000 0.544330 0.026135 0.008247
1 0.409904 0.552577 0.027510 0.024742
1 0.328061 0.553093 0.037139 0.025773
1 0.242091 0.552577 0.027510 0.024742
1 0.160248 0.553093 0.037139 0.025773
1 0.076341 0.536598 0.006878 0.007216
1 0.834938 0.536082 0.033012 0.008247
1 0.659560 0.536082 0.034388 0.008247
1 0.557772 0.535052 0.012380 0.006186
1 0.504127 0.560825 0.859697 0.070103
1 0.842503 0.512371 0.017882 0.010309
1 0.852820 0.484536 0.008253 0.006186
1 0.645117 0.484536 0.008253 0.006186
1 0.463549 0.484536 0.008253 0.006186
1 0.885144 0.484021 0.012380 0.007216
1 0.795048 0.483505 0.011004 0.008247
1 0.756534 0.482990 0.008253 0.007216
1 0.705640 0.482990 0.008253 0.007216
1 0.331499 0.483505 0.011004 0.008247
1 0.824622 0.472165 0.012380 0.006186
1 0.618294 0.472165 0.012380 0.006186
1 0.437414 0.472165 0.011004 0.006186
1 0.752407 0.468041 0.016506 0.004124
1 0.703576 0.468041 0.012380 0.004124
1 0.905089 0.474227 0.033012 0.024742
1 0.814993 0.465979 0.031637 0.008247
1 0.759972 0.474227 0.031637 0.024742
1 0.689821 0.474742 0.039890 0.025773
1 0.604539 0.474742 0.039890 0.025773
1 0.508253 0.474742 0.039890 0.025773
1 0.422971 0.474742 0.039890 0.025773
1 0.296424 0.471649 0.053645 0.031959
1 0.077029 0.458247 0.008253 0.007216
1 0.504127 0.486082 0.859697 0.064948
1 0.907153 0.404124 0.012380 0.004124
1 0.854883 0.404124 0.012380 0.004124
1 0.802613 0.404124 0.012380 0.004124
1 0.402338 0.393299 0.012380 0.007216
1 0.367950 0.393299 0.012380 0.007216
1 0.220083 0.393299 0.011004 0.007216
1 0.202889 0.393299 0.012380 0.007216
1 0.653370 0.393299 0.016506 0.013402
1 0.340440 0.390206 0.015131 0.007216
1 0.306052 0.389691 0.015131 0.006186
1 0.287483 0.389691 0.016506 0.008247
1 0.193948 0.385567 0.027510 0.022680
1 0.402338 0.373711 0.009629 0.007216
1 0.385144 0.373711 0.011004 0.007216
1 0.367950 0.373711 0.009629 0.007216
1 0.503439 0.403093 0.861073 0.068041
1 0.168501 0.357216 0.009629 0.005155
1 0.151994 0.357216 0.009629 0.005155
1 0.553645 0.356186 0.009629 0.007216
1 0.537139 0.356186 0.009629 0.007216
1 0.520633 0.356186 0.009629 0.007216
1 0.504127 0.356186 0.009629 0.007216
1 0.487620 0.356186 0.009629 0.007216
1 0.471114 0.356186 0.009629 0.007216
1 0.454608 0.356186 0.009629 0.007216
1 0.438102 0.356186 0.009629 0.007216
1 0.202889 0.356186 0.009629 0.007216
1 0.185007 0.356186 0.009629 0.007216
1 0.135488 0.356186 0.009629 0.007216
1 0.117607 0.356186 0.009629 0.007216
1 0.235901 0.353093 0.009629 0.007216
1 0.219395 0.353093 0.009629 0.007216
2 0.392710 0.318041 0.012380 0.007216
2 0.214580 0.317526 0.011004 0.006186
2 0.199450 0.317526 0.011004 0.006186
2 0.163686 0.318041 0.011004 0.007216
2 0.140990 0.318041 0.012380 0.007216
2 0.870702 0.314948 0.011004 0.007216
2 0.792985 0.314948 0.012380 0.007216
2 0.718019 0.314948 0.011004 0.007216
2 0.696699 0.314948 0.012380 0.007216
2 0.674691 0.314948 0.012380 0.007216
2 0.652682 0.314948 0.012380 0.007216
2 0.631362 0.314948 0.011004 0.007216
2 0.609354 0.314948 0.011004 0.007216
2 0.770977 0.311340 0.015131 0.006186
2 0.729711 0.298969 0.015131 0.004124
2 0.186382 0.308763 0.037139 0.023711
2 0.129298 0.308763 0.033012 0.023711
2 0.915406 0.295361 0.009629 0.007216
2 0.893398 0.295361 0.009629 0.007216
2 0.871389 0.295361 0.009629 0.007216
1 0.503439 0.324742 0.861073 0.065979
2 0.797111 0.296392 0.045392 0.011340
2 0.792985 0.275773 0.009629 0.005155
2 0.077029 0.223196 0.005502 0.007216
2 0.503439 0.238660 0.861073 0.052577
2 0.198074 0.143299 0.022008 0.010309
2 0.180880 0.143299 0.006878 0.010309
2 0.524759 0.160825 0.818432 0.051546
2 0.145805 0.142268 0.008253 0.016495
2 0.930536 0.114948 0.006878 0.005155
2 0.915406 0.114433 0.006878 0.006186
2 0.907153 0.114433 0.006878 0.006186
2 0.870014 0.114433 0.012380 0.006186
2 0.848693 0.114433 0.005502 0.006186
2 0.898212 0.112887 0.008253 0.009278
2 0.888583 0.111856 0.008253 0.007216
2 0.841816 0.112371 0.005502 0.008247
2 0.836314 0.112887 0.005502 0.009278
2 0.580468 0.100515 0.011004 0.009278
2 0.569464 0.100515 0.005502 0.009278
2 0.487620 0.100515 0.006878 0.009278
2 0.477304 0.100515 0.011004 0.009278
2 0.462861 0.100515 0.015131 0.009278
2 0.447730 0.101031 0.012380 0.010309
2 0.557772 0.097938 0.012380 0.014433
2 0.541953 0.097938 0.013755 0.014433
2 0.524072 0.097938 0.016506 0.014433
2 0.500000 0.097938 0.012380 0.014433
2 0.429849 0.098454 0.017882 0.015464
2 0.526823 0.071134 0.019257 0.018557
2 0.508253 0.068557 0.015131 0.013402
2 0.484869 0.064948 0.026135 0.020619
1 0.500000 0.500000 1.000000 1.000000