0 0.808424 0.899897 0.010870 0.008256
0 0.658967 0.899897 0.010870 0.008256
0 0.586277 0.899897 0.012228 0.008256
0 0.531250 0.899897 0.010870 0.008256
0 0.455842 0.899897 0.012228 0.008256
0 0.309783 0.899897 0.010870 0.008256
0 0.254755 0.899897 0.012228 0.008256
0 0.586277 0.887513 0.012228 0.008256
0 0.455842 0.887513 0.012228 0.008256
0 0.309783 0.887513 0.010870 0.008256
0 0.085598 0.890093 0.005435 0.013416
0 0.078804 0.890093 0.005435 0.013416
1 0.809103 0.875129 0.012228 0.008256
1 0.790082 0.874613 0.012228 0.007224
1 0.771060 0.874613 0.012228 0.007224
1 0.254755 0.875129 0.012228 0.008256
1 0.199049 0.874613 0.012228 0.007224
1 0.162364 0.874613 0.012228 0.007224
1 0.143342 0.874613 0.012228 0.007224
1 0.879076 0.880805 0.040761 0.046440
1 0.605978 0.863261 0.032609 0.011352
1 0.328125 0.863261 0.031250 0.011352
1 0.157609 0.858617 0.019022 0.004128
1 0.084239 0.859133 0.005435 0.007224
1 0.076766 0.859133 0.006793 0.007224
1 0.831522 0.865325 0.038043 0.025800
1 0.761549 0.878225 0.066576 0.051600
1 0.554348 0.854489 0.038043 0.004128
1 0.514266 0.878225 0.425272 0.051600
1 0.277174 0.865325 0.038043 0.025800
1 0.208560 0.878225 0.066576 0.051600
1 0.136549 0.877709 0.061141 0.052632
1 0.894022 0.841073 0.010870 0.004128
1 0.616168 0.839525 0.009511 0.007224
1 0.338995 0.839525 0.009511 0.007224
1 0.567255 0.835397 0.009511 0.007224
1 0.530571 0.835397 0.009511 0.007224
1 0.111413 0.834881 0.016304 0.016512
1 0.430707 0.821465 0.010870 0.004128
1 0.263587 0.819401 0.010870 0.016512
1 0.869565 0.777606 0.016304 0.007224
1 0.494565 0.795666 0.850543 0.063983
1 0.673234 0.762642 0.009511 0.004128
1 0.150815 0.762642 0.010870 0.004128
1 0.765625 0.761094 0.009511 0.007224
1 0.738451 0.761094 0.009511 0.007224
1 0.628397 0.761094 0.009511 0.007224
1 0.595788 0.761094 0.009511 0.007224
1 0.559103 0.761094 0.009511 0.007224
1 0.522418 0.761094 0.009511 0.007224
1 0.483016 0.761094 0.009511 0.007224
1 0.440897 0.761094 0.009511 0.007224
1 0.408288 0.761094 0.009511 0.007224
1 0.356658 0.761094 0.009511 0.007224
1 0.329484 0.761094 0.009511 0.007224
1 0.264266 0.761094 0.009511 0.007224
1 0.220788 0.761094 0.009511 0.007224
1 0.188179 0.761094 0.009511 0.007224
1 0.113451 0.761094 0.009511 0.007224
1 0.888587 0.763674 0.027174 0.014448
1 0.710598 0.751290 0.008152 0.006192
1 0.639946 0.750774 0.008152 0.005160
1 0.569293 0.751290 0.008152 0.006192
1 0.536685 0.751290 0.008152 0.006192
1 0.498641 0.751290 0.008152 0.006192
1 0.455842 0.751290 0.006793 0.006192
1 0.371603 0.751290 0.006793 0.006192
1 0.301630 0.751290 0.008152 0.006192
1 0.235054 0.751290 0.008152 0.006192
1 0.165761 0.751290 0.008152 0.006192
1 0.131793 0.751290 0.008152 0.006192
1 0.108016 0.732198 0.012228 0.007224
1 0.118207 0.732714 0.016304 0.016512
1 0.855978 0.691950 0.010870 0.007224
1 0.830163 0.691950 0.010870 0.007224
1 0.804348 0.691950 0.010870 0.007224
1 0.691576 0.691950 0.010870 0.007224
1 0.619565 0.691950 0.010870 0.007224
1 0.571332 0.691950 0.012228 0.007224
1 0.452446 0.691950 0.010870 0.007224
1 0.437500 0.691950 0.010870 0.007224
1 0.411685 0.691950 0.010870 0.007224
1 0.271739 0.691950 0.010870 0.007224
1 0.248641 0.691950 0.010870 0.007224
1 0.199728 0.691950 0.010870 0.007224
1 0.532609 0.685759 0.010870 0.019608
1 0.114130 0.685759 0.010870 0.019608
1 0.449728 0.675955 0.016304 0.004128
1 0.587636 0.684211 0.025815 0.022704
1 0.240489 0.684211 0.073370 0.022704
1 0.494565 0.696594 0.850543 0.047472
1 0.855978 0.682663 0.043478 0.025800
1 0.780571 0.663055 0.012228 0.005160
1 0.667799 0.663055 0.012228 0.005160
1 0.572011 0.663055 0.010870 0.005160
1 0.249321 0.663055 0.012228 0.005160
1 0.153533 0.663055 0.010870 0.005160
1 0.361413 0.662539 0.010870 0.006192
1 0.888587 0.659959 0.010870 0.007224
1 0.532609 0.659443 0.008152 0.006192
1 0.114130 0.659443 0.008152 0.008256
1 0.495245 0.654799 0.009511 0.007224
1 0.834239 0.627451 0.010870 0.008256
1 0.688859 0.627451 0.010870 0.008256
1 0.639266 0.627451 0.012228 0.008256
1 0.540761 0.627451 0.010870 0.008256
1 0.483016 0.627451 0.012228 0.008256
1 0.384511 0.627451 0.010870 0.008256
1 0.263587 0.627451 0.010870 0.008256
1 0.163723 0.627451 0.012228 0.008256
1 0.085598 0.618679 0.005435 0.013416
1 0.078804 0.618679 0.005435 0.013416
1 0.867527 0.615067 0.012228 0.008256
1 0.688859 0.614551 0.010870 0.007224
1 0.483016 0.615067 0.012228 0.008256
1 0.384511 0.615067 0.010870 0.008256
1 0.263587 0.614551 0.010870 0.007224
1 0.164402 0.615067 0.010870 0.008256
1 0.812500 0.602683 0.010870 0.006192
1 0.779212 0.602683 0.012228 0.006192
1 0.674592 0.602683 0.012228 0.006192
1 0.661005 0.602683 0.012228 0.006192
1 0.504755 0.602683 0.012228 0.006192
1 0.370245 0.602683 0.012228 0.006192
1 0.249321 0.602683 0.012228 0.006192
1 0.561821 0.602167 0.012228 0.007224
1 0.405571 0.602167 0.012228 0.007224
1 0.355978 0.602167 0.010870 0.007224
1 0.235054 0.602167 0.010870 0.007224
1 0.149457 0.602167 0.010870 0.007224
1 0.074049 0.589783 0.006793 0.007224
1 0.890625 0.608359 0.031250 0.046440
1 0.802310 0.608359 0.031250 0.046440
1 0.704484 0.595459 0.023098 0.020640
1 0.498641 0.590815 0.024457 0.011352
1 0.368207 0.587203 0.016304 0.004128
1 0.855978 0.592879 0.035326 0.025800
1 0.762908 0.605779 0.044837 0.051600
1 0.661685 0.582043 0.038043 0.004128
1 0.607337 0.605779 0.046196 0.051600
1 0.563179 0.592879 0.036685 0.025800
1 0.451087 0.605779 0.046196 0.051600
1 0.406929 0.592879 0.036685 0.025800
1 0.352582 0.605779 0.047554 0.051600
1 0.286005 0.592879 0.036685 0.025800
1 0.231658 0.605779 0.047554 0.051600
1 0.186141 0.592879 0.038043 0.025800
1 0.131793 0.605779 0.046196 0.051600
1 0.901495 0.567079 0.009511 0.007224
1 0.813179 0.567079 0.009511 0.007224
1 0.709918 0.566047 0.009511 0.005160
1 0.506114 0.567079 0.006793 0.007224
1 0.853940 0.563983 0.009511 0.005160
1 0.833560 0.562436 0.009511 0.008256
1 0.745245 0.562436 0.009511 0.008256
1 0.540082 0.562436 0.009511 0.008256
1 0.113451 0.562436 0.009511 0.008256
1 0.834918 0.538184 0.012228 0.007224
1 0.789402 0.538184 0.010870 0.007224
1 0.581522 0.538184 0.010870 0.007224
1 0.534647 0.538184 0.012228 0.007224
1 0.466033 0.538184 0.010870 0.007224
1 0.419158 0.538184 0.012228 0.007224
1 0.256793 0.538184 0.010870 0.007224
1 0.209239 0.538184 0.010870 0.007224
1 0.494565 0.515996 0.850543 0.051600
1 0.901495 0.478328 0.009511 0.007224
1 0.789402 0.464396 0.043478 0.014448
1 0.778533 0.461816 0.021739 0.009288
2 0.847826 0.412281 0.010870 0.007224
2 0.494565 0.438596 0.850543 0.068111
2 0.814538 0.406089 0.009511 0.005160
2 0.085598 0.351393 0.005435 0.013416
2 0.078804 0.351393 0.005435 0.013416
2 0.883152 0.347781 0.010870 0.008256
2 0.809103 0.347781 0.012228 0.008256
2 0.718750 0.347781 0.010870 0.008256
2 0.644701 0.347781 0.012228 0.008256
2 0.554348 0.347781 0.010870 0.008256
2 0.389266 0.347781 0.012228 0.008256
2 0.224864 0.347781 0.012228 0.008256
2 0.169158 0.335397 0.012228 0.006192
2 0.625679 0.334881 0.012228 0.007224
2 0.333560 0.334881 0.012228 0.007224
2 0.877717 0.327141 0.057065 0.022704
2 0.713315 0.327141 0.057065 0.022704
2 0.707880 0.340041 0.423913 0.048504
2 0.548913 0.327141 0.057065 0.022704
2 0.384511 0.327141 0.057065 0.022704
2 0.287364 0.340041 0.433424 0.048504
2 0.114810 0.309082 0.009511 0.007224
2 0.735734 0.298762 0.009511 0.007224
2 0.771739 0.297730 0.010870 0.007224
2 0.855299 0.286378 0.023098 0.013416
2 0.848505 0.271414 0.012228 0.008256
2 0.824049 0.271414 0.012228 0.008256
2 0.798913 0.271414 0.010870 0.008256
2 0.763587 0.271414 0.010870 0.008256
2 0.743207 0.277606 0.010870 0.020640
2 0.722147 0.271414 0.012228 0.008256
2 0.701087 0.271414 0.010870 0.008256
2 0.665761 0.271414 0.010870 0.008256
2 0.645380 0.277606 0.010870 0.020640
2 0.624321 0.271414 0.012228 0.008256
2 0.603261 0.277606 0.010870 0.020640
2 0.547554 0.277606 0.010870 0.020640
2 0.525815 0.271414 0.010870 0.008256
2 0.505435 0.277606 0.010870 0.020640
2 0.449049 0.271414 0.012228 0.008256
2 0.427989 0.271414 0.010870 0.008256
2 0.407609 0.277606 0.010870 0.020640
2 0.351223 0.271414 0.012228 0.008256
2 0.309783 0.277606 0.010870 0.020640
2 0.252717 0.271414 0.010870 0.008256
2 0.211957 0.277606 0.010870 0.020640
2 0.175951 0.271414 0.012228 0.008256
2 0.154891 0.271414 0.010870 0.008256
2 0.113451 0.271414 0.012228 0.008256
2 0.495245 0.266770 0.849185 0.046440
2 0.073370 0.233230 0.005435 0.006192
2 0.901495 0.226522 0.009511 0.007224
2 0.515625 0.181115 0.808424 0.042312
2 0.198370 0.142415 0.008152 0.010320
2 0.186821 0.142415 0.009511 0.010320
2 0.175951 0.142415 0.006793 0.010320
2 0.141304 0.141383 0.008152 0.016512
2 0.916440 0.114035 0.006793 0.005160
2 0.901495 0.113519 0.006793 0.006192
2 0.893342 0.113519 0.006793 0.006192
2 0.856658 0.113519 0.012228 0.006192
2 0.835598 0.113519 0.005435 0.006192
2 0.884511 0.111971 0.008152 0.009288
2 0.875000 0.110939 0.008152 0.007224
2 0.828804 0.111455 0.005435 0.008256
2 0.823370 0.111971 0.005435 0.009288
2 0.547554 0.099587 0.013587 0.009288
2 0.535326 0.099587 0.005435 0.009288
2 0.510190 0.099587 0.009511 0.009288
2 0.496603 0.099587 0.012228 0.009288
2 0.481658 0.099587 0.014946 0.009288
2 0.466712 0.100103 0.012228 0.010320
2 0.523098 0.097007 0.013587 0.014448
2 0.466033 0.091847 0.005435 0.004128
2 0.446332 0.097007 0.023098 0.014448
2 0.722147 0.064499 0.023098 0.019608
2 0.695652 0.064499 0.027174 0.019608
2 0.646060 0.064499 0.023098 0.019608
2 0.587636 0.064499 0.025815 0.019608
2 0.559103 0.065015 0.028533 0.020640
2 0.504076 0.064499 0.027174 0.019608
2 0.466712 0.064499 0.023098 0.019608
2 0.440897 0.064499 0.023098 0.019608
2 0.377038 0.064499 0.028533 0.019608
2 0.290761 0.065015 0.035326 0.020640
2 0.254755 0.064499 0.012228 0.019608
2 0.672554 0.063983 0.027174 0.020640
2 0.622283 0.064499 0.019022 0.021672
2 0.529891 0.064499 0.024457 0.021672
2 0.404891 0.063983 0.027174 0.020640
2 0.333560 0.063983 0.055707 0.020640