0 0.111940 0.890496 0.012212 0.008264
0 0.084125 0.880682 0.005427 0.013430
0 0.077341 0.880682 0.005427 0.013430
0 0.694030 0.866219 0.012212 0.007231
0 0.668250 0.866219 0.012212 0.007231
0 0.618046 0.866219 0.012212 0.007231
0 0.542062 0.865702 0.012212 0.006198
0 0.599729 0.890496 0.179104 0.055785
0 0.263908 0.865702 0.012212 0.006198
0 0.187924 0.865702 0.012212 0.006198
0 0.201493 0.890496 0.188602 0.055785
0 0.137720 0.866219 0.012212 0.007231
0 0.111940 0.866219 0.012212 0.007231
0 0.896201 0.865186 0.012212 0.007231
0 0.845997 0.865186 0.012212 0.007231
0 0.820217 0.865186 0.012212 0.007231
0 0.770014 0.865186 0.012212 0.007231
0 0.491859 0.865186 0.012212 0.007231
0 0.415875 0.865186 0.012212 0.007231
0 0.365672 0.865186 0.012212 0.007231
0 0.339891 0.865186 0.012212 0.007231
0 0.808005 0.860537 0.188602 0.041322
0 0.403664 0.860537 0.188602 0.041322
1 0.111940 0.811983 0.012212 0.008264
1 0.084125 0.803202 0.005427 0.013430
1 0.077341 0.803202 0.005427 0.013430
1 0.896201 0.787190 0.012212 0.006198
1 0.694030 0.787707 0.012212 0.007231
1 0.668250 0.787707 0.012212 0.007231
1 0.618046 0.787707 0.012212 0.007231
1 0.542062 0.787190 0.012212 0.006198
1 0.599729 0.811983 0.179104 0.055785
1 0.415875 0.787190 0.012212 0.006198
1 0.339891 0.787190 0.012212 0.006198
1 0.263908 0.787707 0.012212 0.007231
1 0.187924 0.787707 0.012212 0.007231
1 0.200814 0.811983 0.187246 0.055785
1 0.137720 0.787707 0.012212 0.007231
1 0.111940 0.787707 0.012212 0.007231
1 0.845319 0.786674 0.010855 0.007231
1 0.820217 0.786674 0.012212 0.007231
1 0.769335 0.786674 0.010855 0.007231
1 0.491859 0.786674 0.012212 0.007231
1 0.364993 0.786674 0.010855 0.007231
1 0.808005 0.782541 0.188602 0.042355
1 0.403664 0.782541 0.188602 0.042355
1 0.111940 0.733471 0.012212 0.008264
1 0.084125 0.724690 0.005427 0.013430
1 0.077341 0.724690 0.005427 0.013430
1 0.896201 0.708678 0.012212 0.006198
1 0.769335 0.708678 0.010855 0.006198
1 0.694030 0.709194 0.012212 0.007231
1 0.668250 0.709194 0.012212 0.007231
1 0.618046 0.709194 0.012212 0.007231
1 0.542062 0.709194 0.012212 0.007231
1 0.599729 0.733471 0.179104 0.055785
1 0.491180 0.708678 0.010855 0.006198
1 0.415875 0.708678 0.012212 0.006198
1 0.339891 0.708678 0.012212 0.006198
1 0.263908 0.709194 0.012212 0.007231
1 0.187924 0.709194 0.012212 0.007231
1 0.200814 0.733471 0.187246 0.055785
1 0.137720 0.709194 0.012212 0.007231
1 0.111940 0.709194 0.012212 0.007231
1 0.845319 0.708161 0.010855 0.007231
1 0.820217 0.708161 0.012212 0.007231
1 0.364993 0.708161 0.010855 0.007231
1 0.071235 0.695764 0.006784 0.007231
1 0.808005 0.704029 0.188602 0.042355
1 0.403664 0.704029 0.188602 0.042355
1 0.776119 0.643079 0.010855 0.007231
1 0.084125 0.646178 0.005427 0.013430
1 0.077341 0.646178 0.005427 0.013430
1 0.872456 0.642562 0.010855 0.008264
1 0.365672 0.642562 0.012212 0.008264
1 0.256445 0.642562 0.010855 0.008264
1 0.873134 0.630682 0.012212 0.007231
1 0.848711 0.630682 0.012212 0.007231
1 0.776119 0.630682 0.010855 0.007231
1 0.752374 0.630682 0.012212 0.007231
1 0.727951 0.630682 0.012212 0.007231
1 0.643826 0.630682 0.012212 0.007231
1 0.619403 0.630682 0.012212 0.007231
1 0.595658 0.630682 0.010855 0.007231
1 0.705563 0.650310 0.423338 0.046488
1 0.523066 0.630682 0.012212 0.007231
1 0.486431 0.630682 0.012212 0.007231
1 0.390095 0.630682 0.012212 0.007231
1 0.365672 0.630682 0.012212 0.007231
1 0.257123 0.630682 0.012212 0.007231
1 0.232700 0.630682 0.012212 0.007231
1 0.280868 0.650310 0.423338 0.046488
1 0.136364 0.630682 0.012212 0.007231
1 0.111940 0.630682 0.012212 0.007231
1 0.072592 0.617252 0.006784 0.007231
1 0.721845 0.564050 0.010855 0.008264
1 0.674355 0.564050 0.010855 0.008264
1 0.613976 0.564050 0.012212 0.008264
1 0.566486 0.564050 0.012212 0.008264
1 0.506784 0.564050 0.012212 0.008264
1 0.244233 0.564050 0.010855 0.008264
1 0.184532 0.564050 0.010855 0.008264
1 0.136364 0.564050 0.012212 0.008264
1 0.493216 0.574380 0.848033 0.039256
1 0.829037 0.556818 0.010855 0.022727
1 0.781547 0.556818 0.010855 0.022727
1 0.458616 0.556818 0.010855 0.022727
1 0.398915 0.556818 0.010855 0.022727
1 0.351425 0.556818 0.010855 0.022727
1 0.291723 0.556818 0.010855 0.022727
1 0.078019 0.539256 0.006784 0.006198
1 0.763908 0.473657 0.010855 0.007231
1 0.750339 0.473657 0.010855 0.007231
1 0.721845 0.473657 0.010855 0.007231
1 0.708277 0.473657 0.010855 0.007231
1 0.560380 0.473657 0.010855 0.007231
1 0.530529 0.473140 0.010855 0.006198
1 0.451832 0.473657 0.010855 0.007231
1 0.421303 0.473657 0.012212 0.007231
1 0.374491 0.473657 0.010855 0.007231
1 0.328358 0.473657 0.010855 0.007231
1 0.298507 0.473140 0.010855 0.006198
1 0.282225 0.473657 0.010855 0.007231
1 0.251018 0.473657 0.010855 0.007231
1 0.219810 0.473657 0.010855 0.007231
1 0.189281 0.473657 0.012212 0.007231
1 0.142469 0.473657 0.010855 0.007231
1 0.111940 0.473657 0.012212 0.007231
1 0.789009 0.462810 0.096336 0.028926
1 0.542062 0.462810 0.109905 0.028926
1 0.492537 0.487603 0.849389 0.078512
2 0.896879 0.392045 0.010855 0.007231
2 0.845319 0.392045 0.010855 0.007231
2 0.820896 0.392045 0.010855 0.007231
2 0.769335 0.392045 0.010855 0.007231
2 0.693351 0.392045 0.010855 0.007231
2 0.668250 0.392045 0.012212 0.007231
2 0.617368 0.392045 0.010855 0.007231
2 0.542062 0.392045 0.012212 0.007231
2 0.491180 0.392045 0.010855 0.007231
2 0.416554 0.392045 0.010855 0.007231
2 0.364993 0.392045 0.010855 0.007231
2 0.340570 0.392045 0.010855 0.007231
2 0.263229 0.392045 0.010855 0.007231
2 0.187924 0.392045 0.012212 0.007231
2 0.137042 0.392045 0.010855 0.007231
2 0.111940 0.392045 0.012212 0.007231
2 0.078697 0.377583 0.005427 0.005165
2 0.492537 0.405992 0.849389 0.078512
2 0.896201 0.313533 0.012212 0.007231
2 0.845319 0.313533 0.010855 0.007231
2 0.820896 0.313533 0.010855 0.007231
2 0.769335 0.313533 0.010855 0.007231
2 0.693351 0.313533 0.010855 0.007231
2 0.668250 0.313533 0.012212 0.007231
2 0.618046 0.313533 0.012212 0.007231
2 0.542062 0.313533 0.012212 0.007231
2 0.491180 0.313533 0.010855 0.007231
2 0.415875 0.313533 0.012212 0.007231
2 0.364993 0.313533 0.010855 0.007231
2 0.340570 0.313533 0.010855 0.007231
2 0.263908 0.313533 0.012212 0.007231
2 0.187924 0.313533 0.012212 0.007231
2 0.137042 0.313533 0.010855 0.007231
2 0.111940 0.313533 0.012212 0.007231
2 0.492537 0.327479 0.849389 0.078512
2 0.492537 0.254132 0.849389 0.049587
2 0.513569 0.174070 0.807327 0.048554
2 0.185889 0.141529 0.010855 0.010331
2 0.174355 0.141529 0.009498 0.010331
2 0.139756 0.140496 0.008141 0.016529
2 0.913840 0.113120 0.006784 0.005165
2 0.898915 0.112603 0.006784 0.006198
2 0.890773 0.112603 0.006784 0.006198
2 0.854138 0.112603 0.012212 0.006198
2 0.833107 0.112603 0.005427 0.006198
2 0.881954 0.111054 0.008141 0.009298
2 0.872456 0.110021 0.008141 0.007231
2 0.826323 0.110537 0.005427 0.008264
2 0.820896 0.111054 0.005427 0.009298
2 0.562415 0.098657 0.009498 0.009298
2 0.505427 0.098657 0.012212 0.009298
2 0.492537 0.098657 0.010855 0.009298
2 0.451153 0.098657 0.012212 0.009298
2 0.398236 0.098657 0.012212 0.009298
2 0.547490 0.098140 0.014925 0.010331
2 0.533243 0.098140 0.010855 0.010331
2 0.519674 0.100207 0.013569 0.014463
2 0.436228 0.098140 0.014925 0.010331
2 0.416554 0.100207 0.021710 0.014463
2 0.378562 0.098140 0.021710 0.010331
2 0.618725 0.096074 0.018996 0.014463
2 0.603121 0.096074 0.009498 0.014463
2 0.590231 0.096074 0.013569 0.014463
2 0.474898 0.096074 0.018996 0.014463
2 0.361601 0.096074 0.009498 0.014463
2 0.540706 0.069215 0.020353 0.018595
2 0.516282 0.066632 0.031208 0.013430
2 0.490502 0.066632 0.014925 0.013430
2 0.470149 0.066632 0.020353 0.013430
2 0.445726 0.063017 0.023066 0.020661