1 0.071331 0.844560 0.005487 0.006218
1 0.079561 0.843523 0.005487 0.006218
1 0.496571 0.869430 0.858711 0.068394
1 0.892318 0.826425 0.009602 0.005181
1 0.863512 0.826425 0.009602 0.005181
1 0.767490 0.826425 0.009602 0.005181
1 0.740055 0.826425 0.006859 0.005181
1 0.642661 0.826425 0.009602 0.005181
1 0.613855 0.826425 0.009602 0.005181
1 0.516461 0.826425 0.009602 0.005181
1 0.155693 0.826425 0.009602 0.005181
1 0.840192 0.825389 0.009602 0.007254
1 0.816872 0.825389 0.009602 0.007254
1 0.715364 0.825389 0.009602 0.007254
1 0.692044 0.825389 0.009602 0.007254
1 0.590535 0.825389 0.009602 0.007254
1 0.567215 0.825389 0.009602 0.007254
1 0.464335 0.825389 0.009602 0.007254
1 0.133745 0.825389 0.009602 0.007254
1 0.111797 0.825389 0.009602 0.007254
1 0.394376 0.811917 0.009602 0.007254
1 0.346365 0.804663 0.009602 0.007254
1 0.299726 0.804663 0.009602 0.007254
1 0.251715 0.804663 0.009602 0.007254
1 0.187243 0.804663 0.009602 0.007254
1 0.866255 0.753886 0.012346 0.007254
1 0.772977 0.753886 0.012346 0.007254
1 0.647462 0.753886 0.010974 0.007254
1 0.620713 0.753886 0.012346 0.007254
1 0.578189 0.753886 0.012346 0.007254
1 0.501372 0.753886 0.012346 0.007254
1 0.458848 0.753886 0.012346 0.007254
1 0.382030 0.753886 0.012346 0.007254
1 0.254458 0.753886 0.012346 0.007254
1 0.700274 0.750259 0.015089 0.006218
1 0.496571 0.763731 0.858711 0.068394
1 0.722908 0.722798 0.010974 0.005181
1 0.647462 0.721762 0.010974 0.007254
1 0.253086 0.721762 0.009602 0.007254
1 0.844307 0.721244 0.009602 0.008290
1 0.822359 0.721244 0.009602 0.008290
1 0.772977 0.721244 0.009602 0.008290
1 0.620713 0.721244 0.009602 0.008290
1 0.598765 0.721244 0.009602 0.008290
1 0.530178 0.721244 0.006859 0.008290
1 0.501372 0.720725 0.009602 0.007254
1 0.479424 0.721244 0.009602 0.008290
1 0.457476 0.721244 0.009602 0.008290
1 0.360082 0.721244 0.009602 0.008290
1 0.338134 0.721244 0.009602 0.008290
1 0.286008 0.721244 0.009602 0.008290
1 0.247599 0.693782 0.012346 0.007254
1 0.230453 0.700000 0.010974 0.019689
1 0.213992 0.700000 0.010974 0.019689
1 0.197531 0.700000 0.010974 0.019689
1 0.161866 0.700000 0.010974 0.019689
1 0.145405 0.700000 0.010974 0.019689
1 0.128944 0.700000 0.010974 0.019689
1 0.496571 0.673057 0.858711 0.067358
1 0.827846 0.626425 0.009602 0.007254
1 0.888889 0.619689 0.010974 0.018653
1 0.871056 0.613990 0.010974 0.007254
1 0.853224 0.613472 0.010974 0.006218
1 0.817558 0.613472 0.010974 0.006218
1 0.798354 0.613990 0.010974 0.007254
1 0.780521 0.619689 0.010974 0.018653
1 0.724280 0.619689 0.010974 0.018653
1 0.706447 0.613990 0.010974 0.007254
1 0.687929 0.613472 0.012346 0.006218
1 0.669410 0.619689 0.010974 0.018653
1 0.633745 0.619689 0.010974 0.018653
1 0.615912 0.619689 0.010974 0.018653
1 0.598080 0.619689 0.010974 0.018653
1 0.256516 0.613990 0.010974 0.007254
1 0.238683 0.613472 0.010974 0.006218
1 0.220165 0.613472 0.012346 0.006218
1 0.201646 0.619689 0.010974 0.018653
1 0.165981 0.619689 0.010974 0.018653
1 0.148148 0.619689 0.010974 0.018653
1 0.130316 0.619689 0.010974 0.018653
1 0.489712 0.607254 0.010974 0.008290
1 0.373114 0.607254 0.010974 0.008290
1 0.356653 0.607254 0.010974 0.008290
1 0.506859 0.594301 0.012346 0.007254
1 0.473937 0.594819 0.012346 0.008290
1 0.460905 0.608290 0.049383 0.035233
1 0.381344 0.608290 0.060357 0.035233
1 0.341564 0.594301 0.010974 0.007254
1 0.083676 0.597409 0.005487 0.013472
1 0.076818 0.597409 0.005487 0.013472
2 0.079561 0.568912 0.005487 0.006218
2 0.072016 0.569430 0.006859 0.007254
1 0.711934 0.596891 0.427984 0.064249
1 0.282579 0.588083 0.427984 0.046632
2 0.906722 0.538860 0.010974 0.018653
2 0.889575 0.533161 0.012346 0.007254
2 0.872428 0.538860 0.010974 0.018653
2 0.855281 0.533161 0.012346 0.007254
2 0.819616 0.533161 0.012346 0.007254
2 0.802469 0.538860 0.010974 0.018653
2 0.785322 0.538860 0.012346 0.018653
2 0.729081 0.533161 0.012346 0.007254
2 0.711934 0.538860 0.010974 0.018653
2 0.694787 0.533161 0.012346 0.007254
2 0.677641 0.538860 0.010974 0.018653
2 0.641975 0.538860 0.010974 0.018653
2 0.624829 0.533161 0.012346 0.007254
2 0.607682 0.538860 0.010974 0.018653
2 0.590535 0.526425 0.012346 0.008290
2 0.552126 0.526425 0.012346 0.008290
2 0.277778 0.526425 0.012346 0.008290
2 0.205761 0.526425 0.010974 0.008290
2 0.083676 0.517617 0.005487 0.013472
2 0.076818 0.517617 0.005487 0.013472
2 0.536351 0.513990 0.010974 0.008290
2 0.504115 0.513990 0.012346 0.008290
2 0.456790 0.513990 0.010974 0.008290
2 0.387517 0.513990 0.012346 0.008290
2 0.341564 0.513990 0.010974 0.008290
2 0.146776 0.513990 0.010974 0.008290
2 0.456790 0.504663 0.010974 0.006218
2 0.388203 0.504663 0.010974 0.006218
2 0.328532 0.504663 0.009602 0.006218
2 0.205761 0.504663 0.010974 0.006218
2 0.146776 0.504663 0.010974 0.006218
2 0.552126 0.504145 0.012346 0.007254
2 0.536351 0.504145 0.010974 0.007254
2 0.504801 0.504145 0.010974 0.007254
2 0.238683 0.504145 0.010974 0.007254
2 0.590535 0.498446 0.015089 0.006218
2 0.277778 0.498446 0.015089 0.006218
2 0.072016 0.488601 0.006859 0.007254
2 0.768176 0.507254 0.016461 0.046632
2 0.532236 0.507254 0.049383 0.046632
2 0.464335 0.507254 0.058985 0.046632
2 0.379287 0.507254 0.061728 0.046632
2 0.326475 0.501036 0.041152 0.034197
2 0.213306 0.507254 0.061728 0.046632
2 0.165981 0.495855 0.030178 0.023834
2 0.121399 0.507254 0.028807 0.046632
2 0.290809 0.504145 0.019204 0.052850
2 0.317558 0.430052 0.012346 0.006218
2 0.886831 0.424352 0.012346 0.007254
2 0.866941 0.423834 0.010974 0.006218
2 0.846365 0.423834 0.010974 0.006218
2 0.779835 0.424352 0.012346 0.007254
2 0.700274 0.424352 0.012346 0.007254
2 0.680384 0.423834 0.010974 0.006218
2 0.659808 0.423834 0.010974 0.006218
2 0.646091 0.423834 0.010974 0.006218
2 0.593278 0.424352 0.012346 0.007254
2 0.573388 0.423834 0.010974 0.006218
2 0.536351 0.423834 0.010974 0.006218
2 0.517147 0.423834 0.010974 0.006218
2 0.496571 0.423834 0.010974 0.006218
2 0.430041 0.424352 0.012346 0.007254
2 0.410151 0.423834 0.010974 0.006218
2 0.200274 0.417617 0.049383 0.004145
2 0.759259 0.417617 0.015089 0.006218
2 0.388889 0.417617 0.015089 0.006218
2 0.325103 0.419171 0.060357 0.027979
2 0.078189 0.407772 0.005487 0.005181
2 0.881344 0.415026 0.061728 0.023834
2 0.694787 0.415026 0.061728 0.023834
2 0.587106 0.405181 0.021948 0.004145
2 0.496571 0.426425 0.858711 0.046632
2 0.451303 0.415026 0.035665 0.023834
2 0.773663 0.401036 0.021948 0.008290
2 0.404664 0.401036 0.021948 0.008290
2 0.775034 0.337306 0.016461 0.007254
2 0.078189 0.326943 0.005487 0.007254
2 0.496571 0.342487 0.858711 0.052850
2 0.873114 0.284456 0.012346 0.007254
2 0.779835 0.284456 0.012346 0.007254
2 0.338820 0.284974 0.010974 0.008290
2 0.307956 0.284456 0.012346 0.007254
2 0.276406 0.284456 0.012346 0.007254
2 0.223594 0.284974 0.010974 0.008290
2 0.128944 0.284456 0.010974 0.007254
2 0.779150 0.256477 0.016461 0.007254
2 0.496571 0.269948 0.858711 0.067358
2 0.411523 0.237824 0.008230 0.005181
2 0.207819 0.227461 0.009602 0.007254
2 0.176269 0.227461 0.009602 0.007254
2 0.410151 0.226425 0.008230 0.009326
2 0.143347 0.222280 0.009602 0.007254
2 0.111797 0.222280 0.009602 0.007254
2 0.259945 0.219171 0.009602 0.007254
2 0.877229 0.193782 0.012346 0.008290
2 0.779835 0.193782 0.012346 0.008290
2 0.748971 0.193782 0.010974 0.008290
2 0.733882 0.193782 0.010974 0.008290
2 0.602881 0.193782 0.012346 0.008290
2 0.556241 0.193264 0.012346 0.007254
2 0.363512 0.193782 0.010974 0.008290
2 0.349108 0.193782 0.012346 0.008290
2 0.303155 0.193264 0.010974 0.007254
2 0.266118 0.193782 0.010974 0.008290
2 0.172154 0.193782 0.012346 0.008290
2 0.172840 0.165285 0.016461 0.007254
2 0.517833 0.181347 0.816187 0.062176
2 0.709877 0.137306 0.009602 0.005181
2 0.451989 0.137306 0.009602 0.005181
2 0.890947 0.134715 0.009602 0.004145
2 0.862140 0.136269 0.009602 0.007254
2 0.838820 0.136269 0.009602 0.007254
2 0.815501 0.136269 0.009602 0.007254
2 0.764746 0.136269 0.009602 0.007254
2 0.733196 0.134715 0.009602 0.004145
2 0.631687 0.136269 0.009602 0.007254
2 0.602195 0.136269 0.010974 0.007254
2 0.578875 0.134715 0.010974 0.004145
2 0.554870 0.136269 0.009602 0.007254
2 0.505487 0.136269 0.009602 0.007254
2 0.475309 0.136269 0.009602 0.007254
2 0.428669 0.136269 0.009602 0.007254
2 0.377915 0.136269 0.009602 0.007254
2 0.349108 0.136269 0.009602 0.007254
2 0.325789 0.136269 0.009602 0.007254
2 0.302469 0.136269 0.009602 0.007254
2 0.251029 0.134715 0.010974 0.004145
2 0.220165 0.136269 0.009602 0.007254
2 0.196845 0.136269 0.009602 0.007254
2 0.192044 0.122280 0.021948 0.010363
2 0.174897 0.122280 0.006859 0.010363
2 0.139918 0.121244 0.008230 0.016580
2 0.922497 0.110363 0.006859 0.005181
2 0.907407 0.109845 0.006859 0.006218
2 0.899177 0.109845 0.006859 0.006218
2 0.862140 0.109845 0.012346 0.006218
2 0.840878 0.109845 0.005487 0.006218
2 0.890261 0.108290 0.008230 0.009326
2 0.880658 0.107254 0.008230 0.007254
2 0.834019 0.107772 0.005487 0.008290
2 0.828532 0.108290 0.005487 0.009326
2 0.539095 0.097927 0.013717 0.013472
2 0.484225 0.095855 0.013717 0.009326
2 0.526063 0.095337 0.012346 0.010363
2 0.497257 0.095337 0.012346 0.010363
2 0.470508 0.095337 0.010974 0.010363
2 0.511660 0.093264 0.013717 0.014508
2 0.454047 0.093264 0.016461 0.014508
2 0.558299 0.066839 0.019204 0.019689
2 0.540466 0.064249 0.016461 0.014508
2 0.482167 0.064249 0.015089 0.014508
2 0.461591 0.063731 0.020576 0.013472
2 0.515089 0.060622 0.026063 0.019689
2 0.435528 0.060622 0.026063 0.021762