1 0.903689 0.870217 0.012295 0.007239
1 0.881148 0.870217 0.010929 0.007239
1 0.735656 0.870217 0.012295 0.007239
1 0.672131 0.870217 0.010929 0.007239
1 0.619536 0.870217 0.012295 0.007239
1 0.556694 0.870217 0.012295 0.007239
1 0.533470 0.870217 0.012295 0.007239
1 0.272541 0.870217 0.012295 0.007239
1 0.209699 0.870217 0.012295 0.007239
1 0.186475 0.870217 0.012295 0.007239
1 0.157104 0.870217 0.010929 0.007239
1 0.827186 0.867115 0.015027 0.007239
1 0.595628 0.867115 0.016393 0.007239
1 0.480191 0.866598 0.015027 0.006205
1 0.133197 0.867115 0.015027 0.007239
1 0.073087 0.857291 0.009563 0.006205
1 0.631831 0.857291 0.015027 0.012410
1 0.284153 0.857808 0.016393 0.013444
1 0.495902 0.876422 0.855191 0.052740
1 0.169399 0.856774 0.016393 0.013444
1 0.903689 0.850569 0.009563 0.007239
1 0.788251 0.850569 0.010929 0.007239
1 0.672814 0.850569 0.009563 0.007239
1 0.556694 0.850569 0.009563 0.007239
1 0.441257 0.849018 0.010929 0.004137
1 0.325820 0.850569 0.009563 0.007239
1 0.209699 0.850569 0.009563 0.007239
1 0.764344 0.839193 0.009563 0.005171
1 0.187842 0.839193 0.006831 0.005171
1 0.880464 0.838159 0.009563 0.007239
1 0.649590 0.838159 0.009563 0.007239
1 0.533470 0.838159 0.009563 0.007239
1 0.417350 0.838159 0.009563 0.007239
1 0.388661 0.834540 0.009563 0.004137
1 0.850410 0.832989 0.009563 0.007239
1 0.735656 0.832989 0.009563 0.007239
1 0.619536 0.832989 0.009563 0.007239
1 0.503415 0.832989 0.009563 0.007239
1 0.272541 0.832989 0.009563 0.007239
1 0.156421 0.832989 0.009563 0.007239
1 0.385929 0.817994 0.015027 0.010341
1 0.811475 0.806101 0.010929 0.007239
1 0.396858 0.806101 0.012295 0.007239
1 0.851093 0.805584 0.010929 0.008273
1 0.781421 0.805584 0.010929 0.008273
1 0.683743 0.805584 0.012295 0.008273
1 0.670765 0.805584 0.010929 0.008273
1 0.635929 0.805584 0.012295 0.008273
1 0.528689 0.805584 0.010929 0.008273
1 0.471995 0.805584 0.012295 0.008273
1 0.269126 0.805584 0.010929 0.008273
1 0.221311 0.805584 0.010929 0.008273
1 0.150956 0.805584 0.012295 0.008273
1 0.084699 0.796794 0.005464 0.013444
1 0.077869 0.796794 0.005464 0.013444
1 0.704235 0.793175 0.012295 0.008273
1 0.547131 0.793175 0.012295 0.008273
1 0.383880 0.793175 0.010929 0.008273
1 0.132514 0.792658 0.010929 0.007239
1 0.904372 0.795243 0.010929 0.035160
1 0.800546 0.800414 0.013661 0.045502
1 0.780738 0.781282 0.012295 0.007239
1 0.704235 0.781282 0.012295 0.007239
1 0.590164 0.800414 0.024590 0.045502
1 0.489754 0.795243 0.012295 0.035160
1 0.384563 0.781282 0.012295 0.007239
1 0.288934 0.795243 0.012295 0.035160
1 0.268443 0.781282 0.012295 0.007239
1 0.175546 0.800414 0.023224 0.045502
1 0.683743 0.780765 0.012295 0.008273
1 0.547131 0.780765 0.012295 0.008273
1 0.471995 0.780765 0.012295 0.008273
1 0.150956 0.780248 0.012295 0.007239
1 0.131831 0.780765 0.012295 0.008273
1 0.528005 0.777663 0.015027 0.006205
1 0.220628 0.777663 0.015027 0.006205
1 0.850410 0.777146 0.015027 0.007239
1 0.635246 0.777146 0.016393 0.007239
1 0.886612 0.787487 0.010929 0.044467
1 0.868852 0.780765 0.010929 0.031024
1 0.762295 0.780765 0.010929 0.031024
1 0.566257 0.787487 0.012295 0.044467
1 0.453552 0.781282 0.010929 0.032058
1 0.366120 0.787487 0.010929 0.044467
1 0.346995 0.781282 0.010929 0.032058
1 0.743169 0.786453 0.016393 0.046536
1 0.435792 0.786453 0.016393 0.046536
1 0.327869 0.786453 0.016393 0.046536
1 0.113388 0.786453 0.016393 0.046536
1 0.663934 0.778697 0.024590 0.035160
1 0.248634 0.785419 0.024590 0.048604
1 0.290301 0.761634 0.009563 0.007239
1 0.799863 0.761117 0.009563 0.008273
1 0.704235 0.761117 0.009563 0.008273
1 0.586749 0.761117 0.006831 0.008273
1 0.489754 0.761117 0.009563 0.008273
1 0.384563 0.761117 0.009563 0.008273
1 0.885929 0.748190 0.009563 0.007239
1 0.868169 0.747156 0.009563 0.005171
1 0.780738 0.748190 0.009563 0.007239
1 0.761612 0.748190 0.009563 0.007239
1 0.683743 0.748190 0.009563 0.007239
1 0.566257 0.748190 0.009563 0.007239
1 0.547131 0.748190 0.009563 0.007239
1 0.471995 0.748190 0.009563 0.007239
1 0.365437 0.747156 0.009563 0.005171
1 0.346311 0.748190 0.009563 0.007239
1 0.269809 0.748190 0.006831 0.007239
1 0.152322 0.748190 0.006831 0.007239
1 0.131831 0.748190 0.009563 0.007239
1 0.656421 0.744054 0.009563 0.007239
1 0.495902 0.709411 0.855191 0.047570
1 0.113388 0.688211 0.016393 0.007239
1 0.072404 0.678387 0.005464 0.006205
1 0.495902 0.624612 0.855191 0.039297
1 0.079918 0.588418 0.006831 0.006205
1 0.885246 0.538263 0.010929 0.007239
1 0.790984 0.544467 0.010929 0.019648
1 0.699454 0.544467 0.010929 0.019648
1 0.607923 0.544467 0.010929 0.019648
1 0.516393 0.544467 0.010929 0.019648
1 0.424863 0.544467 0.010929 0.019648
1 0.333333 0.544467 0.010929 0.019648
1 0.222678 0.538263 0.010929 0.007239
1 0.131148 0.538263 0.010929 0.007239
1 0.866803 0.537746 0.012295 0.008273
1 0.772541 0.537746 0.012295 0.008273
1 0.754098 0.543950 0.010929 0.020683
1 0.680328 0.537746 0.010929 0.008273
1 0.662568 0.543950 0.010929 0.020683
1 0.588798 0.537746 0.010929 0.008273
1 0.571038 0.543950 0.010929 0.020683
1 0.497268 0.537746 0.010929 0.008273
1 0.479508 0.543950 0.010929 0.020683
1 0.443989 0.537746 0.010929 0.008273
1 0.405738 0.537746 0.010929 0.008273
1 0.387978 0.543950 0.010929 0.020683
1 0.351776 0.537746 0.012295 0.008273
1 0.314208 0.537746 0.010929 0.008273
1 0.295765 0.537746 0.012295 0.008273
1 0.260246 0.537746 0.012295 0.008273
1 0.241803 0.543950 0.010929 0.020683
1 0.204235 0.537746 0.012295 0.008273
1 0.168716 0.537746 0.012295 0.008273
1 0.150273 0.543950 0.010929 0.020683
1 0.112705 0.537746 0.012295 0.008273
1 0.904372 0.537746 0.010929 0.033092
1 0.866803 0.525336 0.012295 0.008273
1 0.810109 0.537746 0.010929 0.033092
1 0.772541 0.525336 0.012295 0.008273
1 0.718579 0.537746 0.010929 0.033092
1 0.681011 0.525336 0.012295 0.008273
1 0.627049 0.537746 0.010929 0.033092
1 0.589481 0.525336 0.012295 0.008273
1 0.534836 0.537746 0.012295 0.033092
1 0.497951 0.525336 0.012295 0.008273
1 0.443306 0.525336 0.012295 0.008273
1 0.406421 0.525336 0.012295 0.008273
1 0.351776 0.525336 0.012295 0.008273
1 0.314891 0.525336 0.012295 0.008273
1 0.260246 0.525336 0.012295 0.008273
1 0.223361 0.525336 0.012295 0.008273
1 0.168716 0.525336 0.012295 0.008273
1 0.131831 0.525336 0.012295 0.008273
1 0.084699 0.527921 0.005464 0.013444
1 0.077869 0.527921 0.005464 0.013444
1 0.613388 0.528438 0.232240 0.026887
1 0.398907 0.528438 0.193989 0.026887
1 0.848361 0.530507 0.016393 0.047570
1 0.071721 0.500000 0.006831 0.007239
1 0.308060 0.461220 0.015027 0.010341
2 0.834699 0.420372 0.016393 0.007239
2 0.711749 0.420372 0.016393 0.007239
2 0.589481 0.420372 0.015027 0.007239
2 0.467213 0.420372 0.016393 0.007239
2 0.359290 0.420372 0.016393 0.007239
2 0.073087 0.411065 0.006831 0.005171
2 0.080601 0.410031 0.005464 0.007239
2 0.495902 0.435367 0.855191 0.062048
2 0.536202 0.404860 0.009563 0.005171
2 0.782104 0.403826 0.009563 0.007239
2 0.671448 0.403826 0.009563 0.007239
2 0.428279 0.403826 0.009563 0.007239
2 0.305328 0.403826 0.009563 0.007239
2 0.196038 0.403826 0.009563 0.007239
2 0.512978 0.392451 0.009563 0.005171
2 0.904372 0.390900 0.008197 0.006205
2 0.881831 0.391417 0.009563 0.007239
2 0.858607 0.391417 0.009563 0.007239
2 0.758880 0.391417 0.009563 0.007239
2 0.735656 0.391417 0.009563 0.007239
2 0.646858 0.391417 0.009563 0.007239
2 0.489754 0.391417 0.009563 0.007239
2 0.405055 0.391417 0.009563 0.007239
2 0.381831 0.391417 0.009563 0.007239
2 0.282104 0.391417 0.009563 0.007239
2 0.258880 0.391417 0.009563 0.007239
2 0.170082 0.391417 0.009563 0.007239
2 0.138661 0.386246 0.009563 0.007239
2 0.786885 0.348501 0.010929 0.004137
2 0.678279 0.346949 0.012295 0.007239
2 0.532787 0.346949 0.010929 0.007239
2 0.441940 0.346949 0.012295 0.007239
2 0.405055 0.346949 0.012295 0.007239
2 0.313525 0.346949 0.012295 0.007239
2 0.168033 0.346949 0.010929 0.007239
2 0.891393 0.346432 0.012295 0.008273
2 0.891393 0.334540 0.012295 0.007239
2 0.112705 0.331437 0.015027 0.007239
2 0.851093 0.334540 0.010929 0.032058
2 0.496585 0.346432 0.853825 0.059979
2 0.890027 0.315926 0.006831 0.005171
2 0.851776 0.269907 0.012295 0.008273
2 0.789617 0.269907 0.010929 0.008273
2 0.715847 0.269907 0.010929 0.008273
2 0.654372 0.269907 0.010929 0.008273
2 0.580601 0.276112 0.010929 0.020683
2 0.549863 0.269907 0.012295 0.008273
2 0.519126 0.276112 0.010929 0.020683
2 0.476093 0.269907 0.012295 0.008273
2 0.445355 0.276112 0.010929 0.020683
2 0.414617 0.269907 0.012295 0.008273
2 0.383880 0.276112 0.010929 0.020683
2 0.340164 0.269907 0.010929 0.008273
2 0.310109 0.276112 0.010929 0.020683
2 0.278689 0.269907 0.010929 0.008273
2 0.248634 0.276112 0.010929 0.020683
2 0.204918 0.269907 0.010929 0.008273
2 0.174863 0.269907 0.010929 0.008273
2 0.113388 0.269907 0.010929 0.008273
2 0.882514 0.269907 0.010929 0.033092
2 0.821038 0.269907 0.010929 0.033092
2 0.747268 0.269907 0.010929 0.033092
2 0.279372 0.257497 0.012295 0.008273
2 0.205601 0.257497 0.012295 0.008273
2 0.143443 0.269907 0.010929 0.033092
2 0.084699 0.260083 0.005464 0.013444
2 0.077869 0.260083 0.005464 0.013444
2 0.710383 0.266805 0.426230 0.039297
2 0.282787 0.260600 0.426230 0.026887
2 0.072404 0.231644 0.005464 0.006205
2 0.517077 0.177870 0.812842 0.039297
2 0.186475 0.140641 0.009563 0.010341
2 0.175546 0.140641 0.009563 0.010341
2 0.140710 0.139607 0.008197 0.016546
2 0.920082 0.112203 0.006831 0.005171
2 0.905055 0.111686 0.006831 0.006205
2 0.896858 0.111686 0.006831 0.006205
2 0.859973 0.111686 0.012295 0.006205
2 0.838798 0.111686 0.005464 0.006205
2 0.887978 0.110134 0.008197 0.009307
2 0.878415 0.109100 0.008197 0.007239
2 0.831967 0.109617 0.005464 0.008273
2 0.826503 0.110134 0.005464 0.009307
2 0.585383 0.097725 0.009563 0.009307
2 0.572404 0.099793 0.013661 0.013444
2 0.558743 0.097725 0.010929 0.009307
2 0.528689 0.097725 0.013661 0.009307
2 0.513661 0.098242 0.010929 0.010341
2 0.467896 0.098242 0.009563 0.010341
2 0.457650 0.097725 0.005464 0.009307
2 0.437842 0.097725 0.009563 0.009307
2 0.426230 0.097725 0.010929 0.009307
2 0.448770 0.096691 0.009563 0.013444
2 0.544399 0.095140 0.015027 0.014478
2 0.494536 0.095140 0.024590 0.014478
2 0.409836 0.095140 0.019126 0.014478
2 0.627049 0.065667 0.027322 0.013444
2 0.603825 0.065667 0.016393 0.013444
2 0.523907 0.065667 0.017760 0.013444
2 0.502049 0.065667 0.020492 0.013444
2 0.478825 0.065667 0.020492 0.013444
2 0.458333 0.065667 0.017760 0.013444
2 0.368852 0.065667 0.016393 0.013444
2 0.648224 0.058945 0.015027 0.014478
2 0.569672 0.062048 0.049180 0.020683
2 0.431694 0.062048 0.035519 0.020683
2 0.395492 0.062048 0.012295 0.020683
2 0.344945 0.062048 0.025956 0.020683