1 0.843333 0.835567 0.009333 0.007216
1 0.726000 0.835567 0.009333 0.007216
1 0.435333 0.835567 0.009333 0.007216
1 0.406000 0.835567 0.009333 0.007216
1 0.324667 0.835567 0.009333 0.007216
1 0.150000 0.835567 0.009333 0.007216
1 0.486667 0.867010 0.834667 0.072165
1 0.464667 0.814948 0.009333 0.007216
1 0.297333 0.794330 0.010667 0.007216
1 0.381333 0.793814 0.010667 0.008247
1 0.138667 0.793814 0.010667 0.008247
1 0.112667 0.793814 0.012000 0.008247
1 0.314000 0.788144 0.012000 0.007216
1 0.860000 0.797938 0.061333 0.039175
1 0.868667 0.781959 0.012000 0.007216
1 0.346667 0.781959 0.010667 0.007216
1 0.317333 0.797938 0.050667 0.039175
1 0.085333 0.785052 0.005333 0.013402
1 0.078667 0.785052 0.005333 0.013402
1 0.820000 0.781443 0.010667 0.008247
1 0.802667 0.781443 0.010667 0.008247
1 0.541333 0.781443 0.010667 0.008247
1 0.166667 0.781443 0.010667 0.008247
1 0.770000 0.769072 0.012000 0.006186
1 0.720000 0.769072 0.010667 0.006186
1 0.664000 0.790206 0.037333 0.048454
1 0.594667 0.791753 0.053333 0.051546
1 0.458000 0.769072 0.012000 0.006186
1 0.398000 0.791237 0.044000 0.050515
1 0.382000 0.769588 0.012000 0.007216
1 0.215333 0.769072 0.012000 0.006186
1 0.139333 0.769588 0.012000 0.007216
1 0.112667 0.769588 0.012000 0.007216
1 0.490667 0.768557 0.010667 0.007216
1 0.248000 0.768557 0.010667 0.007216
1 0.081333 0.756186 0.005333 0.007216
1 0.074000 0.756186 0.006667 0.007216
1 0.728667 0.766495 0.060000 0.038144
1 0.466000 0.766495 0.060000 0.038144
1 0.195333 0.759794 0.052000 0.024742
1 0.800000 0.758763 0.050667 0.026804
1 0.651333 0.749485 0.009333 0.008247
1 0.532667 0.765464 0.060000 0.040206
1 0.415333 0.749485 0.009333 0.008247
1 0.256667 0.765464 0.060000 0.040206
1 0.139333 0.749485 0.009333 0.008247
1 0.112667 0.748969 0.009333 0.007216
1 0.704000 0.728866 0.010667 0.006186
1 0.166000 0.729381 0.009333 0.007216
1 0.381333 0.708247 0.010667 0.008247
1 0.145333 0.708247 0.010667 0.008247
1 0.112667 0.708247 0.012000 0.008247
1 0.081333 0.670619 0.005333 0.007216
1 0.842667 0.663402 0.010667 0.007216
1 0.684667 0.663402 0.009333 0.007216
1 0.408667 0.663402 0.009333 0.007216
1 0.382000 0.663402 0.009333 0.007216
1 0.304667 0.663402 0.009333 0.007216
1 0.486667 0.695876 0.834667 0.072165
1 0.146000 0.663402 0.009333 0.007216
1 0.435333 0.642784 0.009333 0.007216
1 0.770000 0.597423 0.012000 0.007216
1 0.720000 0.597423 0.010667 0.007216
1 0.490667 0.597423 0.010667 0.007216
1 0.458667 0.597423 0.010667 0.007216
1 0.382000 0.597423 0.012000 0.007216
1 0.248000 0.597423 0.010667 0.007216
1 0.216000 0.597423 0.010667 0.007216
1 0.139333 0.597423 0.012000 0.007216
1 0.112667 0.597423 0.012000 0.007216
1 0.678000 0.578866 0.009333 0.005155
1 0.574000 0.578866 0.009333 0.005155
1 0.111333 0.578866 0.006667 0.005155
1 0.195333 0.588144 0.052000 0.025773
1 0.651333 0.577835 0.009333 0.007216
1 0.415333 0.577835 0.009333 0.007216
1 0.139333 0.577835 0.009333 0.007216
1 0.800000 0.587113 0.050667 0.027835
1 0.486667 0.609278 0.834667 0.072165
1 0.704000 0.557216 0.010667 0.007216
1 0.166000 0.557216 0.009333 0.007216
1 0.356000 0.546392 0.050667 0.004124
1 0.134000 0.546392 0.052000 0.004124
2 0.384667 0.517010 0.012000 0.007216
2 0.301333 0.517010 0.010667 0.007216
2 0.286000 0.517010 0.012000 0.007216
2 0.162667 0.517010 0.010667 0.007216
2 0.442667 0.516495 0.010667 0.008247
2 0.239333 0.516495 0.012000 0.008247
2 0.224000 0.516495 0.010667 0.008247
2 0.487333 0.526804 0.833333 0.051546
2 0.138000 0.504639 0.012000 0.007216
2 0.236000 0.501031 0.016000 0.004124
2 0.810667 0.509278 0.010667 0.022680
2 0.664000 0.507732 0.026667 0.025773
2 0.454667 0.507732 0.016000 0.025773
2 0.596000 0.492268 0.010667 0.007216
2 0.163333 0.492268 0.009333 0.007216
2 0.571333 0.485052 0.009333 0.007216
2 0.138000 0.485052 0.009333 0.007216
2 0.838667 0.443299 0.010667 0.008247
2 0.736000 0.443299 0.010667 0.008247
2 0.732000 0.450515 0.045333 0.022680
2 0.439333 0.443299 0.012000 0.008247
2 0.318667 0.443299 0.010667 0.008247
2 0.241333 0.443299 0.010667 0.008247
2 0.136000 0.443299 0.010667 0.008247
2 0.113333 0.443299 0.010667 0.008247
2 0.651333 0.437113 0.012000 0.008247
2 0.254667 0.437113 0.010667 0.008247
2 0.862000 0.447423 0.057333 0.041237
2 0.860667 0.430928 0.012000 0.008247
2 0.758000 0.430928 0.012000 0.008247
2 0.658667 0.446907 0.053333 0.040206
2 0.623333 0.430412 0.012000 0.007216
2 0.457333 0.446907 0.045333 0.040206
2 0.460667 0.430928 0.012000 0.008247
2 0.426667 0.430412 0.010667 0.007216
2 0.413333 0.430412 0.010667 0.007216
2 0.340000 0.444330 0.053333 0.035052
2 0.283333 0.430928 0.012000 0.008247
2 0.258000 0.446907 0.044000 0.040206
2 0.213333 0.430412 0.010667 0.007216
2 0.136000 0.444330 0.056000 0.035052
2 0.085333 0.433505 0.005333 0.013402
2 0.078667 0.433505 0.005333 0.013402
2 0.381333 0.433505 0.008000 0.015464
2 0.778000 0.433505 0.006667 0.017526
2 0.179333 0.433505 0.006667 0.017526
2 0.576000 0.432474 0.008000 0.017526
2 0.424667 0.415464 0.014667 0.004124
2 0.696000 0.435052 0.416000 0.053608
2 0.424667 0.410309 0.014667 0.004124
2 0.278667 0.427835 0.416000 0.039175
2 0.554667 0.406186 0.008000 0.006186
2 0.461333 0.406186 0.008000 0.006186
2 0.158667 0.406186 0.008000 0.006186
2 0.079333 0.405670 0.006667 0.007216
2 0.839333 0.398454 0.009333 0.007216
2 0.532000 0.398454 0.010667 0.007216
2 0.439333 0.397423 0.009333 0.005155
2 0.135333 0.398454 0.009333 0.007216
2 0.424667 0.326804 0.014667 0.008247
2 0.486667 0.350000 0.834667 0.060825
2 0.870000 0.320103 0.009333 0.007216
2 0.554667 0.320103 0.010667 0.007216
2 0.461333 0.320103 0.010667 0.007216
2 0.158667 0.320103 0.010667 0.007216
2 0.073333 0.318557 0.005333 0.006186
2 0.847333 0.312887 0.009333 0.007216
2 0.532667 0.312887 0.009333 0.007216
2 0.439333 0.312887 0.009333 0.007216
2 0.135333 0.312887 0.009333 0.007216
2 0.260667 0.287113 0.044000 0.015464
2 0.661333 0.265464 0.010667 0.007216
2 0.258000 0.265464 0.012000 0.007216
2 0.871333 0.259278 0.012000 0.007216
2 0.481333 0.259278 0.010667 0.007216
2 0.366000 0.259278 0.012000 0.007216
2 0.286667 0.259278 0.010667 0.007216
2 0.272667 0.259278 0.012000 0.007216
2 0.159333 0.259278 0.012000 0.007216
2 0.085333 0.262371 0.005333 0.013402
2 0.078667 0.262371 0.005333 0.013402
2 0.822667 0.258763 0.010667 0.008247
2 0.432667 0.258763 0.012000 0.008247
2 0.790000 0.261340 0.006667 0.017526
2 0.584667 0.261340 0.006667 0.017526
2 0.386667 0.261340 0.008000 0.017526
2 0.181333 0.261340 0.008000 0.017526
2 0.696000 0.269072 0.416000 0.051546
2 0.446000 0.246907 0.012000 0.007216
2 0.278667 0.269072 0.416000 0.051546
2 0.834000 0.250000 0.014667 0.025773
2 0.626000 0.250000 0.025333 0.025773
2 0.425333 0.250000 0.024000 0.025773
2 0.222000 0.250000 0.025333 0.025773
2 0.871333 0.234536 0.009333 0.007216
2 0.563333 0.234536 0.009333 0.007216
2 0.468667 0.234536 0.009333 0.007216
2 0.159333 0.234536 0.009333 0.007216
2 0.850000 0.226804 0.009333 0.008247
2 0.540000 0.226804 0.010667 0.008247
2 0.446000 0.226804 0.009333 0.008247
2 0.136667 0.226289 0.009333 0.007216
2 0.732667 0.185567 0.012000 0.008247
2 0.675333 0.194845 0.038667 0.026804
2 0.545333 0.185567 0.010667 0.008247
2 0.480000 0.185567 0.010667 0.008247
2 0.286667 0.185567 0.010667 0.008247
2 0.189333 0.185567 0.010667 0.008247
2 0.171333 0.185567 0.012000 0.008247
2 0.757333 0.142268 0.010667 0.004124
2 0.855333 0.140722 0.009333 0.007216
2 0.582667 0.140722 0.010667 0.007216
2 0.564667 0.140722 0.009333 0.007216
2 0.480667 0.140722 0.009333 0.007216
2 0.458667 0.144845 0.032000 0.015464
2 0.383333 0.140722 0.009333 0.007216
2 0.507333 0.173196 0.793333 0.072165
2 0.208000 0.140722 0.010667 0.007216
2 0.190000 0.140722 0.009333 0.007216
2 0.171333 0.140722 0.009333 0.007216
2 0.202000 0.128351 0.009333 0.007216
2 0.185333 0.126804 0.010667 0.010309
2 0.174000 0.126804 0.009333 0.010309
2 0.140000 0.125773 0.008000 0.016495
2 0.900667 0.114948 0.006667 0.005155
2 0.886000 0.114433 0.006667 0.006186
2 0.878000 0.114433 0.006667 0.006186
2 0.842000 0.114433 0.012000 0.006186
2 0.821333 0.114433 0.005333 0.006186
2 0.869333 0.112887 0.008000 0.009278
2 0.860000 0.111856 0.008000 0.007216
2 0.814667 0.112371 0.005333 0.008247
2 0.809333 0.112887 0.005333 0.009278
2 0.568000 0.101031 0.010667 0.010309
2 0.554667 0.102577 0.013333 0.013402
2 0.543333 0.100515 0.006667 0.009278
2 0.533333 0.100515 0.010667 0.009278
2 0.506000 0.101031 0.012000 0.010309
2 0.466000 0.101031 0.012000 0.010309
2 0.454000 0.100515 0.006667 0.009278
2 0.442667 0.100515 0.013333 0.009278
2 0.432000 0.100515 0.005333 0.009278
2 0.520000 0.097938 0.013333 0.014433
2 0.490000 0.098454 0.017333 0.015464
2 0.423333 0.097938 0.006667 0.014433
2 0.409333 0.098454 0.018667 0.015464
2 0.536000 0.069072 0.021333 0.012371
2 0.466667 0.072165 0.010667 0.018557
2 0.514667 0.068557 0.018667 0.013402
2 0.484667 0.069072 0.017333 0.014433
2 0.456000 0.069072 0.016000 0.014433
2 0.437333 0.065464 0.018667 0.021649