0 0.784647 0.882110 0.012228 0.008273
0 0.125000 0.881593 0.010870 0.007239
0 0.091033 0.882110 0.010870 0.008273
0 0.920516 0.875388 0.012228 0.007239
0 0.654212 0.875388 0.012228 0.007239
0 0.637908 0.875388 0.012228 0.007239
0 0.621603 0.875388 0.012228 0.007239
0 0.290761 0.875388 0.010870 0.007239
0 0.840353 0.873837 0.012228 0.012410
0 0.224864 0.872285 0.009511 0.009307
0 0.860054 0.869183 0.010870 0.007239
0 0.742527 0.869183 0.012228 0.007239
0 0.713995 0.869183 0.012228 0.007239
0 0.572690 0.869183 0.012228 0.007239
0 0.556386 0.869183 0.012228 0.007239
0 0.540082 0.869183 0.012228 0.007239
0 0.523777 0.869183 0.012228 0.007239
0 0.507473 0.869183 0.012228 0.007239
0 0.491168 0.869183 0.012228 0.007239
0 0.474864 0.869183 0.012228 0.007239
0 0.411685 0.869183 0.010870 0.007239
0 0.395380 0.869183 0.010870 0.007239
0 0.379076 0.869183 0.010870 0.007239
0 0.362772 0.869183 0.010870 0.007239
0 0.141984 0.869183 0.012228 0.007239
0 0.125000 0.869700 0.010870 0.008273
0 0.090353 0.869700 0.012228 0.008273
0 0.062500 0.872285 0.005435 0.013444
0 0.054348 0.872285 0.005435 0.013444
0 0.262908 0.866598 0.012228 0.006205
1 0.544837 0.854188 0.035326 0.004137
1 0.495245 0.854188 0.033967 0.004137
1 0.783967 0.853671 0.016304 0.007239
1 0.519701 0.849018 0.082880 0.004137
1 0.281929 0.851086 0.028533 0.010341
1 0.383832 0.845398 0.033967 0.007239
1 0.618207 0.842813 0.084239 0.004137
1 0.049592 0.844364 0.006793 0.007239
1 0.042120 0.844364 0.005435 0.007239
1 0.544158 0.839710 0.006793 0.008273
1 0.495245 0.839710 0.006793 0.008273
1 0.495245 0.859876 0.898098 0.052740
1 0.383152 0.829369 0.008152 0.008273
1 0.123641 0.774043 0.016304 0.007239
1 0.089674 0.774043 0.016304 0.007239
1 0.495245 0.791107 0.898098 0.066184
1 0.338995 0.760083 0.017663 0.004137
1 0.145380 0.756463 0.005435 0.009307
1 0.139266 0.756463 0.006793 0.009307
1 0.629076 0.739400 0.010870 0.006205
1 0.485734 0.739400 0.009511 0.006205
1 0.343071 0.739400 0.009511 0.006205
1 0.915082 0.734747 0.020380 0.009307
1 0.899457 0.701138 0.008152 0.012410
1 0.775815 0.697518 0.010870 0.007239
1 0.760870 0.697518 0.010870 0.007239
1 0.711957 0.697518 0.010870 0.007239
1 0.697011 0.697518 0.010870 0.007239
1 0.648777 0.697518 0.012228 0.007239
1 0.633152 0.697518 0.010870 0.007239
1 0.600543 0.697518 0.010870 0.007239
1 0.585598 0.697518 0.010870 0.007239
1 0.442935 0.697518 0.010870 0.007239
1 0.426630 0.697518 0.010870 0.007239
1 0.411005 0.697518 0.009511 0.007239
1 0.395380 0.697518 0.010870 0.007239
1 0.379076 0.697518 0.010870 0.007239
1 0.127717 0.697518 0.010870 0.007239
1 0.928668 0.694416 0.014946 0.007239
1 0.852582 0.694416 0.014946 0.007239
1 0.824049 0.694416 0.014946 0.007239
1 0.881114 0.693899 0.014946 0.008273
1 0.050272 0.684074 0.005435 0.007239
1 0.043478 0.684074 0.005435 0.007239
1 0.704484 0.688211 0.058424 0.025853
1 0.439538 0.688211 0.050272 0.025853
1 0.495245 0.701138 0.898098 0.055843
1 0.230299 0.670631 0.009511 0.007239
1 0.127038 0.669597 0.009511 0.007239
1 0.108016 0.669597 0.009511 0.007239
1 0.641304 0.642192 0.010870 0.008273
1 0.468750 0.642192 0.010870 0.008273
1 0.152174 0.642192 0.010870 0.008273
1 0.091033 0.642192 0.010870 0.008273
1 0.858016 0.639090 0.012228 0.014478
1 0.927989 0.631334 0.008152 0.007239
1 0.883832 0.631851 0.009511 0.008273
1 0.508832 0.629266 0.012228 0.007239
1 0.406929 0.629266 0.012228 0.007239
1 0.131114 0.629266 0.012228 0.007239
1 0.062500 0.632368 0.005435 0.013444
1 0.054348 0.632368 0.005435 0.013444
1 0.828125 0.631851 0.006793 0.016546
1 0.488451 0.617373 0.012228 0.006205
1 0.468071 0.617890 0.012228 0.007239
1 0.355299 0.617373 0.012228 0.006205
1 0.110734 0.617373 0.012228 0.006205
1 0.858016 0.617373 0.012228 0.008273
1 0.641984 0.617373 0.012228 0.008273
1 0.378397 0.616856 0.012228 0.007239
1 0.151495 0.617373 0.012228 0.008273
1 0.090353 0.616856 0.012228 0.007239
1 0.786005 0.624095 0.039402 0.032058
1 0.901495 0.624095 0.012228 0.044467
1 0.050272 0.604964 0.005435 0.006205
1 0.418478 0.623061 0.016304 0.046536
1 0.739130 0.609100 0.032609 0.022751
1 0.679348 0.622027 0.067935 0.048604
1 0.580163 0.615305 0.073370 0.035160
1 0.504076 0.622027 0.062500 0.048604
1 0.298234 0.622027 0.080163 0.048604
1 0.202446 0.615305 0.073370 0.035160
1 0.125679 0.599793 0.063859 0.004137
1 0.379076 0.613754 0.038043 0.038263
1 0.569973 0.590486 0.012228 0.006205
1 0.925272 0.584281 0.008152 0.006205
1 0.901495 0.583764 0.009511 0.005171
1 0.881793 0.584281 0.008152 0.006205
1 0.858016 0.584798 0.009511 0.007239
1 0.420516 0.581696 0.009511 0.007239
2 0.444293 0.534126 0.016304 0.007239
2 0.177989 0.534126 0.016304 0.007239
2 0.089674 0.534126 0.016304 0.007239
2 0.050272 0.524302 0.005435 0.006205
2 0.436141 0.522234 0.027174 0.012410
2 0.495245 0.539814 0.898098 0.051706
2 0.399457 0.509824 0.005435 0.008273
2 0.642663 0.457601 0.010870 0.007239
2 0.626359 0.457601 0.010870 0.007239
2 0.475543 0.457601 0.010870 0.007239
2 0.326087 0.457601 0.010870 0.007239
2 0.256793 0.457601 0.010870 0.007239
2 0.049592 0.444674 0.006793 0.006205
2 0.495245 0.462771 0.898098 0.046536
2 0.489130 0.449845 0.019022 0.022751
2 0.339674 0.449845 0.019022 0.022751
2 0.185462 0.449845 0.028533 0.022751
2 0.495245 0.419338 0.012228 0.005171
2 0.345109 0.419338 0.010870 0.005171
2 0.195652 0.419338 0.010870 0.005171
2 0.760870 0.402275 0.010870 0.008273
2 0.711277 0.402275 0.012228 0.008273
2 0.680027 0.402275 0.012228 0.008273
2 0.648777 0.402275 0.012228 0.008273
2 0.190897 0.402275 0.012228 0.008273
2 0.090353 0.402275 0.012228 0.008273
2 0.881793 0.396070 0.010870 0.008273
2 0.857337 0.390900 0.008152 0.006205
2 0.811821 0.391934 0.009511 0.008273
2 0.062500 0.393485 0.005435 0.013444
2 0.054348 0.393485 0.005435 0.013444
2 0.746603 0.402792 0.020380 0.034126
2 0.724185 0.388831 0.008152 0.006205
2 0.157609 0.389349 0.010870 0.007239
2 0.907609 0.387280 0.019022 0.025853
2 0.889946 0.384178 0.010870 0.019648
2 0.729620 0.381075 0.008152 0.013444
2 0.550951 0.377456 0.012228 0.006205
2 0.534647 0.377456 0.012228 0.006205
2 0.419158 0.377456 0.012228 0.006205
2 0.402853 0.377456 0.012228 0.006205
2 0.307065 0.377456 0.010870 0.006205
2 0.257473 0.377456 0.012228 0.006205
2 0.207201 0.377456 0.012228 0.006205
2 0.517663 0.376939 0.010870 0.007239
2 0.501359 0.376939 0.010870 0.007239
2 0.385870 0.376939 0.010870 0.007239
2 0.324049 0.376939 0.012228 0.007239
2 0.190897 0.377456 0.012228 0.008273
2 0.156929 0.377456 0.012228 0.008273
2 0.139946 0.376939 0.010870 0.007239
2 0.784647 0.398139 0.033967 0.053775
2 0.761549 0.374354 0.014946 0.006205
2 0.710598 0.373837 0.016304 0.007239
2 0.679348 0.373837 0.016304 0.007239
2 0.648777 0.373837 0.014946 0.007239
2 0.090353 0.373837 0.014946 0.007239
2 0.049592 0.364529 0.006793 0.007239
2 0.831522 0.383144 0.016304 0.046536
2 0.531250 0.361944 0.051630 0.004137
2 0.592391 0.373837 0.059783 0.038263
2 0.531250 0.356774 0.051630 0.004137
2 0.459918 0.380558 0.061141 0.051706
2 0.394701 0.380558 0.061141 0.051706
2 0.315897 0.373837 0.061141 0.038263
2 0.249321 0.367632 0.061141 0.025853
2 0.187500 0.367632 0.051630 0.025853
2 0.119565 0.367115 0.051630 0.026887
2 0.849185 0.356256 0.008152 0.009307
2 0.774457 0.322130 0.010870 0.007239
2 0.280571 0.322130 0.012228 0.007239
2 0.090353 0.322130 0.012228 0.007239
2 0.890625 0.285419 0.012228 0.006205
2 0.495245 0.298862 0.898098 0.053775
2 0.801630 0.263185 0.008152 0.007239
2 0.741168 0.263702 0.009511 0.008273
2 0.684783 0.263702 0.008152 0.008273
2 0.090353 0.262151 0.009511 0.007239
2 0.900815 0.258014 0.010870 0.007239
2 0.773777 0.254395 0.009511 0.008273
2 0.716712 0.253878 0.009511 0.007239
2 0.659647 0.253878 0.009511 0.007239
2 0.495245 0.220786 0.898098 0.050672
2 0.890625 0.182006 0.009511 0.008273
2 0.523777 0.156153 0.012228 0.008273
2 0.498641 0.156153 0.010870 0.008273
2 0.162364 0.156153 0.012228 0.008273
2 0.589674 0.152017 0.010870 0.004137
2 0.927989 0.151499 0.008152 0.007239
2 0.875000 0.151499 0.008152 0.007239
2 0.398098 0.151499 0.008152 0.007239
2 0.286685 0.150982 0.008152 0.006205
2 0.062500 0.153568 0.005435 0.013444
2 0.054348 0.153568 0.005435 0.013444
2 0.841033 0.149948 0.010870 0.008273
2 0.729620 0.148914 0.008152 0.006205
2 0.655571 0.153568 0.006793 0.015512
2 0.571332 0.153051 0.006793 0.016546
2 0.243886 0.153051 0.006793 0.016546
2 0.368886 0.152534 0.006793 0.017580
2 0.264946 0.152534 0.008152 0.017580
2 0.760870 0.143744 0.010870 0.008273
2 0.459918 0.143744 0.012228 0.008273
2 0.434103 0.143744 0.012228 0.008273
2 0.148098 0.143744 0.010870 0.008273
2 0.734375 0.141158 0.009511 0.013444
2 0.823370 0.137022 0.010870 0.007239
2 0.805027 0.134436 0.014946 0.006205
2 0.341712 0.134436 0.014946 0.006205
2 0.711957 0.141158 0.019022 0.025853
2 0.760190 0.141158 0.036685 0.038263
2 0.434103 0.134953 0.036685 0.025853
2 0.304348 0.132885 0.019022 0.021717
2 0.496603 0.140124 0.066576 0.040331
2 0.270380 0.143226 0.448370 0.046536
2 0.902853 0.136505 0.028533 0.035160
2 0.720109 0.140124 0.448370 0.052740
2 0.076087 0.115822 0.008152 0.006205
2 0.122283 0.111686 0.010870 0.010341
2 0.110734 0.111686 0.009511 0.010341
2 0.737772 0.080145 0.010870 0.009307
2 0.727582 0.080145 0.006793 0.009307
2 0.640625 0.080145 0.006793 0.009307
2 0.582201 0.080145 0.012228 0.009307
2 0.567255 0.080145 0.012228 0.009307
2 0.492527 0.080145 0.009511 0.009307
2 0.480299 0.080145 0.009511 0.009307
2 0.467391 0.080145 0.010870 0.009307
2 0.389266 0.080145 0.009511 0.009307
2 0.377717 0.080145 0.010870 0.009307
2 0.364130 0.080145 0.013587 0.009307
2 0.286005 0.080145 0.014946 0.009307
2 0.271739 0.080145 0.010870 0.009307
2 0.715353 0.079628 0.014946 0.010341
2 0.700408 0.079628 0.012228 0.010341
2 0.519701 0.079628 0.014946 0.010341
2 0.505435 0.079628 0.010870 0.010341
2 0.317255 0.079628 0.012228 0.010341
2 0.302310 0.079628 0.014946 0.010341
2 0.662364 0.077559 0.014946 0.014478
2 0.649457 0.077559 0.005435 0.014478
2 0.597826 0.077559 0.013587 0.014478
2 0.551630 0.077559 0.016304 0.014478
2 0.453804 0.077559 0.013587 0.014478
2 0.427989 0.077559 0.035326 0.014478
2 0.343750 0.077559 0.024457 0.014478
2 0.255435 0.077559 0.016304 0.014478
2 0.685462 0.077042 0.014946 0.015512
2 0.629076 0.077042 0.013587 0.015512
2 0.666440 0.048087 0.020380 0.013444
2 0.646060 0.048087 0.014946 0.013444
2 0.626359 0.050672 0.019022 0.018614
2 0.569973 0.048087 0.014946 0.013444
2 0.551630 0.048087 0.016304 0.013444
2 0.533967 0.048087 0.016304 0.013444
2 0.476223 0.048087 0.014946 0.013444
2 0.400136 0.048087 0.014946 0.013444
2 0.382473 0.048087 0.017663 0.013444
2 0.364130 0.048087 0.019022 0.013444
2 0.344429 0.048087 0.014946 0.013444
2 0.601902 0.044467 0.024457 0.020683
2 0.510190 0.044467 0.025815 0.020683
2 0.455842 0.044467 0.020380 0.020683
2 0.432065 0.044467 0.021739 0.020683
2 0.322690 0.044467 0.023098 0.020683