0 0.127199 0.901860 0.032476 0.004132
1 0.362652 0.846591 0.010825 0.005165
1 0.075778 0.845041 0.005413 0.006198
1 0.083221 0.844525 0.006766 0.007231
1 0.347767 0.839876 0.040595 0.008264
1 0.495264 0.861570 0.847091 0.051653
1 0.739513 0.820764 0.006766 0.007231
1 0.708390 0.820764 0.009472 0.007231
1 0.674560 0.820764 0.009472 0.007231
1 0.642084 0.820764 0.009472 0.007231
1 0.600135 0.820764 0.009472 0.007231
1 0.571719 0.820764 0.009472 0.007231
1 0.543302 0.820764 0.009472 0.007231
1 0.513532 0.819731 0.009472 0.005165
1 0.486468 0.820764 0.006766 0.007231
1 0.425575 0.820764 0.006766 0.007231
1 0.398512 0.820764 0.009472 0.007231
1 0.121110 0.805785 0.020298 0.012397
1 0.087957 0.784607 0.005413 0.013430
1 0.081191 0.784607 0.005413 0.013430
1 0.765223 0.780992 0.012179 0.008264
1 0.621786 0.780992 0.012179 0.008264
1 0.558187 0.780992 0.012179 0.008264
1 0.444520 0.780992 0.012179 0.008264
1 0.349797 0.780992 0.012179 0.008264
1 0.240189 0.780992 0.012179 0.008264
1 0.792963 0.768595 0.010825 0.006198
1 0.765223 0.769112 0.012179 0.007231
1 0.742896 0.769112 0.010825 0.007231
1 0.635318 0.769112 0.012179 0.007231
1 0.558187 0.769112 0.012179 0.007231
1 0.513532 0.769112 0.012179 0.007231
1 0.444520 0.769112 0.012179 0.007231
1 0.396482 0.768595 0.010825 0.006198
1 0.349797 0.769112 0.012179 0.007231
1 0.328823 0.769112 0.010825 0.007231
1 0.240189 0.769112 0.012179 0.007231
1 0.135318 0.769112 0.010825 0.007231
1 0.115697 0.769112 0.012179 0.007231
1 0.821380 0.768079 0.010825 0.007231
1 0.271989 0.768079 0.010825 0.007231
1 0.083221 0.755682 0.006766 0.007231
1 0.075101 0.755682 0.006766 0.007231
1 0.791610 0.766012 0.043302 0.038223
1 0.671177 0.766012 0.037889 0.038223
1 0.621786 0.759298 0.039242 0.024793
1 0.580514 0.766012 0.037889 0.038223
1 0.466171 0.759298 0.036536 0.024793
1 0.495940 0.780475 0.845737 0.067149
1 0.371448 0.766012 0.036536 0.038223
1 0.261164 0.759298 0.032476 0.024793
1 0.171854 0.766012 0.043302 0.038223
1 0.685386 0.728822 0.009472 0.007231
1 0.667118 0.706612 0.010825 0.008264
1 0.646820 0.706612 0.010825 0.008264
1 0.479026 0.706612 0.010825 0.008264
1 0.443843 0.706612 0.010825 0.008264
1 0.403924 0.706612 0.012179 0.008264
1 0.212449 0.706612 0.010825 0.008264
1 0.899188 0.693698 0.012179 0.007231
1 0.719892 0.693698 0.010825 0.007231
1 0.686739 0.693698 0.012179 0.007231
1 0.592693 0.693698 0.010825 0.007231
1 0.424222 0.693698 0.012179 0.007231
1 0.087957 0.696798 0.005413 0.013430
1 0.081191 0.696798 0.005413 0.013430
1 0.849797 0.696798 0.008119 0.015496
1 0.873478 0.696798 0.006766 0.017562
1 0.826116 0.696798 0.006766 0.017562
1 0.899865 0.684917 0.010825 0.006198
1 0.592016 0.682335 0.012179 0.007231
1 0.707037 0.681302 0.012179 0.007231
1 0.686739 0.681302 0.012179 0.007231
1 0.666441 0.681302 0.012179 0.007231
1 0.646143 0.681818 0.012179 0.008264
1 0.610961 0.681302 0.012179 0.007231
1 0.479702 0.681818 0.012179 0.008264
1 0.444520 0.681818 0.012179 0.008264
1 0.424222 0.681818 0.012179 0.008264
1 0.403924 0.681302 0.012179 0.007231
1 0.211773 0.681818 0.012179 0.008264
1 0.192828 0.681302 0.012179 0.007231
1 0.173884 0.681302 0.012179 0.007231
1 0.083221 0.668905 0.006766 0.007231
1 0.075101 0.668905 0.006766 0.007231
1 0.826116 0.665289 0.006766 0.006198
1 0.762517 0.686467 0.071719 0.048554
1 0.661705 0.664256 0.021651 0.004132
1 0.582544 0.686467 0.069012 0.048554
1 0.512179 0.679752 0.058187 0.035124
1 0.418133 0.664256 0.062246 0.004132
1 0.308525 0.686467 0.032476 0.048554
1 0.207037 0.664256 0.021651 0.004132
1 0.144114 0.686467 0.069012 0.048554
1 0.707713 0.661157 0.035183 0.004132
1 0.360622 0.678202 0.058187 0.038223
1 0.246279 0.678202 0.043302 0.038223
1 0.444520 0.646178 0.009472 0.005165
1 0.792287 0.645145 0.009472 0.007231
1 0.780108 0.619318 0.012179 0.007231
1 0.761164 0.619318 0.012179 0.007231
1 0.185386 0.619318 0.010825 0.007231
1 0.146143 0.619318 0.010825 0.007231
1 0.336942 0.591426 0.016238 0.007231
1 0.146143 0.583161 0.010825 0.005165
1 0.288227 0.580579 0.032476 0.004132
1 0.083897 0.581095 0.005413 0.005165
1 0.774696 0.577479 0.020298 0.004132
1 0.632612 0.577479 0.055480 0.004132
1 0.469553 0.577479 0.018945 0.004132
1 0.495264 0.597624 0.847091 0.050620
1 0.880920 0.557335 0.010825 0.007231
1 0.864005 0.557851 0.006766 0.008264
1 0.184709 0.557851 0.009472 0.008264
1 0.160352 0.557851 0.009472 0.008264
1 0.115697 0.554236 0.009472 0.007231
2 0.495264 0.507231 0.008119 0.004132
2 0.395805 0.501033 0.014885 0.012397
2 0.638024 0.491736 0.014885 0.004132
2 0.493911 0.491736 0.010825 0.004132
2 0.221245 0.492252 0.012179 0.005165
2 0.495264 0.513946 0.847091 0.056818
2 0.775372 0.467459 0.010825 0.007231
2 0.755751 0.467459 0.009472 0.007231
2 0.236806 0.466942 0.008119 0.006198
2 0.221245 0.467459 0.009472 0.007231
2 0.786874 0.433368 0.012179 0.007231
2 0.769959 0.432851 0.008119 0.006198
2 0.437077 0.432851 0.008119 0.006198
2 0.228687 0.432851 0.008119 0.006198
2 0.864682 0.432335 0.008119 0.007231
2 0.658999 0.432851 0.010825 0.008264
2 0.641407 0.432335 0.008119 0.007231
2 0.560217 0.432335 0.008119 0.007231
2 0.453992 0.432851 0.012179 0.008264
2 0.365359 0.432335 0.008119 0.007231
2 0.184032 0.432335 0.008119 0.007231
2 0.716509 0.428202 0.006766 0.009298
2 0.507442 0.430269 0.008119 0.013430
2 0.274019 0.426653 0.012179 0.008264
2 0.775372 0.424587 0.008119 0.012397
2 0.442490 0.422521 0.008119 0.008264
2 0.870771 0.422004 0.006766 0.009298
2 0.646820 0.424070 0.008119 0.013430
2 0.564953 0.424070 0.009472 0.013430
2 0.370095 0.422004 0.006766 0.009298
2 0.188769 0.424070 0.009472 0.013430
2 0.221922 0.424070 0.051421 0.025826
2 0.274019 0.420971 0.041949 0.032025
2 0.495940 0.433368 0.845737 0.073347
2 0.899865 0.370868 0.010825 0.018595
2 0.679296 0.370868 0.010825 0.018595
2 0.426252 0.358471 0.010825 0.008264
2 0.391069 0.358471 0.010825 0.008264
2 0.285521 0.358471 0.010825 0.008264
2 0.087957 0.349690 0.005413 0.013430
2 0.081191 0.349690 0.005413 0.013430
2 0.839648 0.349174 0.012179 0.014463
2 0.825440 0.349174 0.010825 0.014463
2 0.744249 0.349174 0.010825 0.014463
2 0.619080 0.349174 0.012179 0.014463
2 0.604871 0.349174 0.010825 0.014463
2 0.562923 0.345558 0.010825 0.007231
2 0.317997 0.345558 0.010825 0.007231
2 0.232747 0.345558 0.010825 0.007231
2 0.159675 0.345558 0.010825 0.007231
2 0.765223 0.349174 0.006766 0.016529
2 0.874831 0.348657 0.006766 0.017562
2 0.788227 0.348657 0.006766 0.017562
2 0.654263 0.348657 0.006766 0.017562
2 0.158999 0.334194 0.012179 0.007231
2 0.562246 0.333678 0.012179 0.008264
2 0.425575 0.333678 0.012179 0.008264
2 0.343031 0.333161 0.012179 0.007231
2 0.317321 0.333678 0.012179 0.008264
2 0.286198 0.333678 0.012179 0.008264
2 0.232070 0.333678 0.012179 0.008264
2 0.195535 0.333161 0.012179 0.007231
2 0.853857 0.341942 0.010825 0.028926
2 0.721922 0.341942 0.025710 0.028926
2 0.633288 0.341942 0.010825 0.028926
2 0.529093 0.340393 0.051421 0.044421
2 0.476319 0.338326 0.032476 0.048554
2 0.371448 0.338326 0.050068 0.048554
2 0.298376 0.325413 0.017591 0.022727
2 0.228011 0.338326 0.055480 0.048554
2 0.173207 0.325413 0.018945 0.022727
2 0.443843 0.336777 0.027064 0.051653
2 0.129229 0.336777 0.036536 0.051653
2 0.562246 0.301136 0.009472 0.007231
2 0.251015 0.297004 0.009472 0.007231
2 0.855886 0.271178 0.012179 0.007231
2 0.554804 0.271178 0.010825 0.007231
2 0.492558 0.271178 0.010825 0.007231
2 0.320704 0.271178 0.010825 0.007231
2 0.075778 0.234504 0.005413 0.004132
2 0.495940 0.249483 0.845737 0.050620
2 0.448579 0.226240 0.025710 0.004132
2 0.700271 0.210227 0.006766 0.007231
2 0.353857 0.210227 0.009472 0.007231
2 0.762517 0.146694 0.028417 0.012397
2 0.516238 0.162707 0.805142 0.050620
2 0.330853 0.128616 0.009472 0.005165
2 0.217185 0.131198 0.009472 0.010331
2 0.200271 0.131198 0.010825 0.010331
2 0.188769 0.131198 0.009472 0.010331
2 0.177943 0.131198 0.006766 0.010331
2 0.512855 0.126033 0.010825 0.004132
2 0.143437 0.129649 0.008119 0.015496
2 0.744926 0.121384 0.009472 0.005165
2 0.543302 0.119318 0.009472 0.007231
2 0.361299 0.119318 0.010825 0.007231
2 0.915426 0.113120 0.006766 0.005165
2 0.900541 0.112603 0.006766 0.006198
2 0.892422 0.112603 0.006766 0.006198
2 0.855886 0.112603 0.012179 0.006198
2 0.834912 0.112603 0.005413 0.006198
2 0.883627 0.111054 0.008119 0.009298
2 0.874154 0.110021 0.008119 0.007231
2 0.828146 0.110537 0.005413 0.008264
2 0.822733 0.111054 0.005413 0.009298
2 0.548038 0.098657 0.013532 0.009298
2 0.535859 0.098657 0.005413 0.009298
2 0.510825 0.098657 0.009472 0.009298
2 0.497294 0.098657 0.012179 0.009298
2 0.482409 0.098657 0.014885 0.009298
2 0.467524 0.099174 0.012179 0.010331
2 0.523681 0.096074 0.013532 0.014463
2 0.466847 0.090909 0.005413 0.004132
2 0.447226 0.096074 0.023004 0.014463
2 0.539919 0.066632 0.021651 0.013430
2 0.523004 0.066632 0.009472 0.013430
2 0.488498 0.069731 0.018945 0.019628
2 0.468877 0.066632 0.014885 0.013430
2 0.507442 0.069215 0.018945 0.020661
2 0.445873 0.063017 0.023004 0.020661