0 0.577025 0.898551 0.033201 0.016563
1 0.445551 0.848344 0.011952 0.007246
1 0.409031 0.847826 0.010624 0.006211
1 0.371846 0.847826 0.010624 0.006211
1 0.224436 0.847826 0.010624 0.006211
1 0.186587 0.847826 0.009296 0.006211
1 0.150066 0.848344 0.010624 0.007246
1 0.579681 0.842133 0.014608 0.007246
1 0.260292 0.841615 0.015936 0.008282
1 0.080345 0.831781 0.006640 0.007246
1 0.486056 0.855072 0.831341 0.068323
1 0.393094 0.784161 0.045153 0.013458
1 0.783533 0.743789 0.015936 0.007246
1 0.487384 0.743789 0.015936 0.007246
1 0.464807 0.743789 0.015936 0.007246
1 0.375830 0.743789 0.015936 0.007246
1 0.235060 0.743789 0.015936 0.007246
1 0.079681 0.732919 0.005312 0.004141
1 0.469456 0.726708 0.046481 0.004141
1 0.808765 0.727743 0.039841 0.008282
1 0.485392 0.757246 0.832669 0.067288
1 0.834661 0.673913 0.011952 0.008282
1 0.770252 0.673913 0.010624 0.008282
1 0.748340 0.673913 0.011952 0.008282
1 0.640106 0.673913 0.010624 0.008282
1 0.308101 0.673913 0.010624 0.008282
1 0.243028 0.673913 0.010624 0.008282
1 0.221116 0.673913 0.011952 0.008282
1 0.834661 0.661491 0.011952 0.008282
1 0.450863 0.660973 0.011952 0.007246
1 0.308101 0.661491 0.010624 0.008282
1 0.084993 0.664079 0.005312 0.013458
1 0.078353 0.664079 0.005312 0.013458
1 0.155378 0.652174 0.010624 0.006211
1 0.640106 0.645963 0.015936 0.006211
1 0.128154 0.667702 0.046481 0.049689
1 0.833997 0.645445 0.015936 0.007246
1 0.769588 0.645445 0.014608 0.007246
1 0.747676 0.645445 0.015936 0.007246
1 0.306773 0.645445 0.015936 0.007246
1 0.243028 0.645445 0.015936 0.007246
1 0.220452 0.645445 0.015936 0.007246
1 0.199203 0.652174 0.053121 0.051760
1 0.863878 0.651656 0.051793 0.052795
1 0.796149 0.640269 0.043825 0.030021
1 0.524568 0.658903 0.456839 0.067288
1 0.268924 0.640269 0.043825 0.030021
1 0.661355 0.606625 0.023904 0.016563
1 0.448871 0.563665 0.010624 0.007246
1 0.579017 0.563147 0.010624 0.008282
1 0.208499 0.557453 0.010624 0.007246
1 0.626826 0.554348 0.010624 0.007246
1 0.579017 0.553830 0.010624 0.006211
1 0.559097 0.554348 0.010624 0.007246
1 0.516600 0.553830 0.010624 0.006211
1 0.079681 0.537785 0.005312 0.007246
1 0.863214 0.550207 0.050465 0.034161
1 0.486056 0.562629 0.831341 0.071429
1 0.373838 0.507764 0.011952 0.007246
1 0.383798 0.508282 0.015936 0.016563
2 0.237716 0.449793 0.015936 0.007246
2 0.333997 0.442029 0.014608 0.004141
2 0.079681 0.439441 0.005312 0.007246
2 0.486056 0.464803 0.831341 0.070393
2 0.762284 0.379400 0.010624 0.007246
2 0.573041 0.379917 0.011952 0.008282
2 0.506640 0.379917 0.011952 0.008282
2 0.484728 0.379400 0.010624 0.007246
2 0.235060 0.379400 0.010624 0.007246
2 0.214475 0.379917 0.011952 0.008282
2 0.843293 0.366977 0.010624 0.007246
2 0.609562 0.366977 0.010624 0.007246
2 0.573041 0.366977 0.011952 0.007246
2 0.295485 0.366977 0.011952 0.007246
2 0.084993 0.370083 0.005312 0.013458
2 0.078353 0.370083 0.005312 0.013458
2 0.572377 0.351449 0.015936 0.007246
2 0.505976 0.351449 0.015936 0.007246
2 0.484064 0.351449 0.014608 0.007246
2 0.233732 0.351449 0.015936 0.007246
2 0.693891 0.364907 0.415671 0.067288
2 0.280212 0.364907 0.419655 0.067288
2 0.734396 0.269151 0.010624 0.008282
2 0.181275 0.269151 0.011952 0.008282
2 0.734396 0.259834 0.010624 0.006211
2 0.632138 0.259834 0.010624 0.006211
2 0.488712 0.259834 0.010624 0.006211
2 0.446879 0.259834 0.009296 0.006211
2 0.369190 0.259834 0.010624 0.006211
2 0.181275 0.260352 0.011952 0.007246
2 0.569721 0.259317 0.010624 0.007246
2 0.798805 0.253623 0.014608 0.006211
2 0.668659 0.253623 0.014608 0.006211
2 0.529216 0.253623 0.014608 0.006211
2 0.405710 0.253623 0.014608 0.006211
2 0.226428 0.253623 0.014608 0.006211
2 0.203851 0.253623 0.014608 0.006211
2 0.073041 0.244306 0.005312 0.006211
2 0.611554 0.256211 0.051793 0.034161
2 0.681939 0.267598 0.439575 0.065217
2 0.824701 0.247930 0.045153 0.030021
2 0.553785 0.247930 0.042497 0.030021
2 0.277556 0.266563 0.414343 0.067288
2 0.177955 0.214286 0.023904 0.016563
2 0.791501 0.155797 0.015936 0.007246
2 0.516600 0.155797 0.015936 0.007246
2 0.180611 0.155797 0.015936 0.007246
2 0.630810 0.148033 0.013280 0.004141
2 0.139442 0.146480 0.007968 0.005176
2 0.202523 0.141822 0.009296 0.010352
2 0.191235 0.142340 0.010624 0.011387
2 0.179947 0.141822 0.006640 0.010352
2 0.505976 0.169255 0.791501 0.067288
2 0.146746 0.140269 0.006640 0.013458
2 0.898406 0.115424 0.006640 0.005176
2 0.883798 0.114907 0.006640 0.006211
2 0.875830 0.114907 0.006640 0.006211
2 0.837317 0.114907 0.006640 0.006211
2 0.828021 0.114907 0.009296 0.006211
2 0.819389 0.114907 0.005312 0.006211
2 0.891102 0.113872 0.005312 0.008282
2 0.867198 0.113354 0.007968 0.009317
2 0.857238 0.113354 0.009296 0.009317
2 0.806773 0.113354 0.006640 0.009317
2 0.535857 0.100932 0.009296 0.009317
2 0.524568 0.100932 0.005312 0.009317
2 0.507968 0.100932 0.006640 0.009317
2 0.472112 0.100932 0.011952 0.009317
2 0.461487 0.100932 0.006640 0.009317
2 0.436255 0.100932 0.006640 0.009317
2 0.549137 0.098344 0.014608 0.014493
2 0.516600 0.098344 0.005312 0.014493
2 0.494688 0.098344 0.017264 0.014493
2 0.452855 0.098344 0.005312 0.014493
2 0.444887 0.098344 0.005312 0.014493
2 0.422975 0.098344 0.017264 0.014493
2 0.420319 0.069358 0.009296 0.012422
2 0.638114 0.068841 0.014608 0.013458
2 0.621514 0.069358 0.015936 0.014493
2 0.603586 0.069358 0.017264 0.014493
2 0.547809 0.068841 0.019920 0.013458
2 0.526560 0.069358 0.017264 0.014493
2 0.452191 0.068841 0.014608 0.013458
2 0.434927 0.069358 0.014608 0.014493
2 0.404382 0.071946 0.017264 0.019669
2 0.383798 0.071946 0.018592 0.019669
2 0.363878 0.069358 0.015936 0.014493
2 0.581009 0.065735 0.022576 0.019669
2 0.481408 0.065735 0.022576 0.019669
2 0.339309 0.065735 0.027888 0.019669
2 0.505312 0.065217 0.019920 0.020704
1 0.994024 0.500000 0.011952 1.000000