0 0.836461 0.899897 0.010724 0.008256
0 0.764075 0.899897 0.010724 0.008256
0 0.513405 0.899897 0.010724 0.008256
0 0.441019 0.899897 0.010724 0.008256
0 0.188338 0.899897 0.012064 0.008256
0 0.872654 0.886997 0.010724 0.007224
0 0.800268 0.886997 0.010724 0.007224
0 0.549598 0.886997 0.010724 0.007224
0 0.477212 0.886997 0.010724 0.007224
0 0.151475 0.886997 0.010724 0.007224
0 0.085791 0.890093 0.005362 0.013416
0 0.079088 0.890093 0.005362 0.013416
1 0.871984 0.875129 0.012064 0.008256
1 0.835791 0.875129 0.012064 0.008256
1 0.799598 0.875129 0.012064 0.008256
1 0.763405 0.875129 0.012064 0.008256
1 0.728552 0.874613 0.012064 0.007224
1 0.188338 0.875129 0.012064 0.008256
1 0.169571 0.874613 0.012064 0.007224
1 0.150804 0.875129 0.012064 0.008256
1 0.867962 0.866873 0.054960 0.022704
1 0.795576 0.866873 0.054960 0.022704
1 0.504021 0.879773 0.461126 0.048504
1 0.220509 0.873065 0.057641 0.035088
1 0.140751 0.877709 0.069705 0.052632
1 0.489276 0.817337 0.839142 0.039216
1 0.835791 0.715686 0.012064 0.007224
1 0.785523 0.715686 0.010724 0.007224
1 0.752681 0.715686 0.012064 0.007224
1 0.719169 0.715686 0.012064 0.007224
1 0.684316 0.715686 0.012064 0.007224
1 0.634048 0.715686 0.010724 0.007224
1 0.601206 0.715686 0.012064 0.007224
1 0.568365 0.715686 0.010724 0.007224
1 0.532842 0.715686 0.012064 0.007224
1 0.516756 0.715686 0.012064 0.007224
1 0.483244 0.715686 0.012064 0.007224
1 0.449732 0.715686 0.012064 0.007224
1 0.382038 0.715686 0.010724 0.007224
1 0.365282 0.715686 0.012064 0.007224
1 0.331769 0.715686 0.012064 0.007224
1 0.298257 0.715686 0.012064 0.007224
1 0.281501 0.715686 0.010724 0.007224
1 0.213807 0.715686 0.012064 0.007224
1 0.180295 0.715686 0.012064 0.007224
1 0.147453 0.715686 0.010724 0.007224
1 0.130027 0.715686 0.010724 0.007224
1 0.749330 0.707946 0.050938 0.022704
1 0.597855 0.707946 0.050938 0.022704
1 0.512735 0.705882 0.052279 0.026832
1 0.361260 0.705882 0.052279 0.026832
1 0.210456 0.705882 0.050938 0.026832
1 0.489276 0.718266 0.839142 0.051600
1 0.719839 0.684727 0.010724 0.005160
1 0.568365 0.684727 0.010724 0.005160
1 0.085791 0.651703 0.005362 0.013416
1 0.079088 0.651703 0.005362 0.013416
1 0.871984 0.648091 0.012064 0.008256
1 0.383378 0.648091 0.010724 0.008256
1 0.222520 0.648091 0.010724 0.008256
1 0.853217 0.635707 0.012064 0.006192
1 0.650804 0.635707 0.012064 0.006192
1 0.489276 0.635707 0.010724 0.006192
1 0.221850 0.636223 0.012064 0.007224
1 0.185657 0.636223 0.012064 0.007224
1 0.871984 0.635707 0.012064 0.008256
1 0.778820 0.635191 0.010724 0.007224
1 0.722520 0.635191 0.010724 0.007224
1 0.597185 0.635707 0.012064 0.008256
1 0.561662 0.635191 0.010724 0.007224
1 0.382708 0.635707 0.012064 0.008256
1 0.328418 0.635191 0.010724 0.007224
1 0.760724 0.632611 0.014745 0.006192
1 0.699732 0.638803 0.418231 0.051600
1 0.217828 0.625903 0.054960 0.025800
1 0.283512 0.638803 0.424933 0.051600
1 0.221850 0.580495 0.012064 0.007224
1 0.874665 0.568111 0.012064 0.007224
1 0.085791 0.571207 0.005362 0.013416
1 0.079088 0.571207 0.005362 0.013416
1 0.254692 0.571207 0.008043 0.015480
1 0.298257 0.552632 0.017426 0.007224
1 0.081099 0.543344 0.006702 0.007224
1 0.073727 0.543344 0.005362 0.007224
1 0.302949 0.541796 0.010724 0.006192
1 0.699732 0.560372 0.418231 0.047472
1 0.280161 0.560372 0.418231 0.047472
1 0.302949 0.536636 0.010724 0.006192
1 0.319705 0.543860 0.017426 0.024768
1 0.278150 0.543860 0.017426 0.024768
2 0.081769 0.463364 0.005362 0.006192
2 0.489276 0.480908 0.839142 0.047472
2 0.817694 0.396801 0.010724 0.007224
2 0.711126 0.396801 0.012064 0.007224
2 0.691689 0.396801 0.010724 0.007224
2 0.674263 0.396801 0.010724 0.007224
2 0.561662 0.396801 0.010724 0.007224
2 0.489276 0.396801 0.010724 0.007224
2 0.383378 0.396801 0.010724 0.007224
2 0.328418 0.396801 0.010724 0.007224
2 0.222520 0.396801 0.010724 0.007224
2 0.186327 0.396801 0.010724 0.007224
2 0.599866 0.393189 0.014745 0.006192
2 0.081099 0.383385 0.006702 0.007224
2 0.706434 0.389061 0.056300 0.022704
2 0.217828 0.389061 0.054960 0.022704
2 0.489276 0.398865 0.839142 0.052632
2 0.843834 0.341589 0.012064 0.008256
2 0.637399 0.341589 0.012064 0.008256
2 0.555630 0.341589 0.012064 0.008256
2 0.349866 0.341589 0.010724 0.008256
2 0.266756 0.341589 0.010724 0.008256
2 0.202413 0.341589 0.010724 0.008256
2 0.085791 0.332817 0.005362 0.013416
2 0.079088 0.332817 0.005362 0.013416
2 0.875335 0.329205 0.010724 0.008256
2 0.668901 0.328689 0.010724 0.007224
2 0.524129 0.329205 0.010724 0.008256
2 0.443029 0.329205 0.012064 0.008256
2 0.298928 0.329205 0.010724 0.008256
2 0.234584 0.329205 0.010724 0.008256
2 0.162198 0.331269 0.008043 0.016512
2 0.145442 0.331785 0.006702 0.017544
2 0.128686 0.331269 0.008043 0.016512
2 0.111930 0.331785 0.006702 0.017544
2 0.874665 0.317337 0.012064 0.007224
2 0.796917 0.316821 0.012064 0.006192
2 0.715147 0.316821 0.012064 0.006192
2 0.637399 0.317337 0.012064 0.007224
2 0.555630 0.317337 0.012064 0.007224
2 0.508713 0.316821 0.012064 0.006192
2 0.396113 0.316821 0.012064 0.006192
2 0.349196 0.317337 0.012064 0.007224
2 0.314343 0.316821 0.012064 0.006192
2 0.298257 0.317337 0.012064 0.007224
2 0.282172 0.316821 0.012064 0.006192
2 0.266086 0.317337 0.012064 0.007224
2 0.250000 0.316821 0.012064 0.006192
2 0.233914 0.317337 0.012064 0.007224
2 0.217828 0.316821 0.012064 0.006192
2 0.843834 0.316821 0.012064 0.008256
2 0.827748 0.316305 0.012064 0.007224
2 0.683646 0.316305 0.010724 0.007224
2 0.668231 0.316821 0.012064 0.008256
2 0.601877 0.316305 0.010724 0.007224
2 0.524799 0.316821 0.012064 0.008256
2 0.443029 0.316821 0.012064 0.008256
2 0.426944 0.316305 0.012064 0.007224
2 0.201743 0.313725 0.014745 0.006192
2 0.081769 0.303406 0.005362 0.006192
2 0.074397 0.303922 0.006702 0.007224
2 0.871314 0.309082 0.048257 0.021672
2 0.804960 0.321981 0.057641 0.047472
2 0.723190 0.321981 0.057641 0.047472
2 0.664879 0.309082 0.048257 0.021672
2 0.583780 0.315789 0.046917 0.035088
2 0.516756 0.321981 0.057641 0.047472
2 0.434987 0.321981 0.057641 0.047472
2 0.378016 0.315789 0.048257 0.035088
2 0.231233 0.295666 0.049598 0.005160
2 0.890080 0.268318 0.010724 0.020640
2 0.873324 0.262126 0.012064 0.008256
2 0.856568 0.262126 0.010724 0.008256
2 0.840483 0.268318 0.010724 0.020640
2 0.805630 0.268318 0.010724 0.020640
2 0.789544 0.268318 0.010724 0.020640
2 0.772118 0.262126 0.010724 0.008256
2 0.756032 0.268318 0.010724 0.020640
2 0.721180 0.268318 0.010724 0.020640
2 0.705094 0.268318 0.010724 0.020640
2 0.687668 0.262126 0.010724 0.008256
2 0.671582 0.268318 0.010724 0.020640
2 0.636729 0.268318 0.010724 0.020640
2 0.620643 0.268318 0.010724 0.020640
2 0.603887 0.262126 0.012064 0.008256
2 0.587131 0.268318 0.010724 0.020640
2 0.552279 0.268318 0.010724 0.020640
2 0.536193 0.268318 0.010724 0.020640
2 0.519437 0.262126 0.012064 0.008256
2 0.502681 0.262126 0.010724 0.008256
2 0.467828 0.268318 0.010724 0.020640
2 0.451743 0.268318 0.010724 0.020640
2 0.434987 0.262126 0.012064 0.008256
2 0.418231 0.262126 0.010724 0.008256
2 0.383378 0.262126 0.010724 0.008256
2 0.367292 0.268318 0.010724 0.020640
2 0.350536 0.262126 0.012064 0.008256
2 0.333780 0.262126 0.010724 0.008256
2 0.080429 0.223942 0.005362 0.006192
2 0.489946 0.241486 0.837802 0.047472
2 0.189678 0.150671 0.022788 0.012384
2 0.510054 0.162023 0.797587 0.047472
2 0.197721 0.134675 0.009383 0.011352
2 0.185657 0.134675 0.009383 0.011352
2 0.174933 0.134675 0.006702 0.011352
2 0.140751 0.133643 0.008043 0.015480
2 0.905496 0.114035 0.006702 0.005160
2 0.890751 0.113519 0.006702 0.006192
2 0.882708 0.113519 0.006702 0.006192
2 0.846515 0.113519 0.012064 0.006192
2 0.825737 0.113519 0.005362 0.006192
2 0.873995 0.111971 0.008043 0.009288
2 0.864611 0.110939 0.008043 0.007224
2 0.819035 0.111455 0.005362 0.008256
2 0.813673 0.111971 0.005362 0.009288
2 0.463807 0.101651 0.005362 0.005160
2 0.552279 0.099587 0.013405 0.009288
2 0.537534 0.100103 0.013405 0.010320
2 0.524129 0.099587 0.010724 0.009288
2 0.511394 0.099587 0.012064 0.009288
2 0.498660 0.099587 0.010724 0.009288
2 0.483244 0.097007 0.014745 0.014448
2 0.467828 0.097007 0.013405 0.014448
2 0.444370 0.097007 0.012064 0.014448
2 0.426944 0.097007 0.017426 0.014448
2 0.547587 0.068111 0.009383 0.012384
2 0.576408 0.067595 0.013405 0.013416
2 0.512735 0.068111 0.017426 0.014448
2 0.430965 0.068111 0.017426 0.014448
2 0.560992 0.065531 0.012064 0.019608
2 0.487265 0.064499 0.028150 0.019608
2 0.407507 0.064499 0.024129 0.019608
2 0.532172 0.064499 0.018767 0.021672
2 0.451743 0.064499 0.018767 0.021672