0 0.803621 0.899173 0.036212 0.019648
0 0.653900 0.899173 0.034819 0.019648
0 0.791086 0.887797 0.011142 0.007239
0 0.548747 0.887797 0.011142 0.007239
0 0.885097 0.887280 0.012535 0.008273
0 0.745125 0.887280 0.011142 0.008273
0 0.642061 0.887280 0.011142 0.008273
0 0.594708 0.887280 0.011142 0.008273
0 0.477019 0.887280 0.012535 0.008273
0 0.372563 0.887280 0.012535 0.008273
0 0.112117 0.887280 0.012535 0.008273
0 0.885097 0.874871 0.012535 0.008273
0 0.791086 0.874871 0.011142 0.008273
0 0.693593 0.888314 0.022284 0.035160
0 0.594708 0.874871 0.011142 0.008273
0 0.477019 0.874871 0.012535 0.008273
0 0.392758 0.890900 0.052925 0.040331
0 0.400418 0.874871 0.012535 0.008273
0 0.386490 0.874871 0.012535 0.008273
0 0.372563 0.874871 0.012535 0.008273
0 0.083565 0.877456 0.005571 0.013444
0 0.076602 0.877456 0.005571 0.013444
0 0.503482 0.885729 0.870474 0.052740
1 0.221448 0.852637 0.011142 0.005171
1 0.207521 0.852637 0.011142 0.005171
1 0.112117 0.852637 0.012535 0.005171
1 0.708217 0.842296 0.009749 0.007239
1 0.867688 0.808687 0.011142 0.008273
1 0.799443 0.808687 0.011142 0.008273
1 0.731894 0.808687 0.012535 0.008273
1 0.587047 0.808687 0.012535 0.008273
1 0.529248 0.808687 0.011142 0.008273
1 0.247911 0.808687 0.011142 0.008273
1 0.180362 0.808687 0.012535 0.008273
1 0.112117 0.808687 0.012535 0.008273
1 0.867688 0.796277 0.011142 0.008273
1 0.731894 0.796277 0.012535 0.008273
1 0.612813 0.795760 0.011142 0.007239
1 0.587047 0.796277 0.012535 0.008273
1 0.545265 0.812306 0.043175 0.040331
1 0.180362 0.796277 0.012535 0.008273
1 0.083565 0.798862 0.005571 0.013444
1 0.076602 0.798862 0.005571 0.013444
1 0.644847 0.799380 0.005571 0.026887
1 0.893454 0.805584 0.062674 0.049638
1 0.885097 0.784385 0.012535 0.007239
1 0.825905 0.805584 0.064067 0.049638
1 0.816852 0.784385 0.012535 0.007239
1 0.800139 0.783868 0.012535 0.006205
1 0.783426 0.784385 0.012535 0.007239
1 0.753482 0.805584 0.052925 0.049638
1 0.715181 0.784385 0.012535 0.007239
1 0.684540 0.805584 0.054318 0.049638
1 0.529944 0.783868 0.012535 0.006205
1 0.490947 0.805584 0.059889 0.049638
1 0.482591 0.783868 0.012535 0.006205
1 0.435237 0.784385 0.012535 0.007239
1 0.419916 0.784385 0.012535 0.007239
1 0.427577 0.805584 0.058496 0.049638
1 0.341922 0.805584 0.062674 0.049638
1 0.350279 0.784385 0.012535 0.007239
1 0.333565 0.783868 0.012535 0.006205
1 0.273677 0.805584 0.062674 0.049638
1 0.265320 0.784385 0.012535 0.007239
1 0.248607 0.784385 0.012535 0.007239
1 0.206128 0.805584 0.064067 0.049638
1 0.197075 0.784385 0.012535 0.007239
1 0.163649 0.784385 0.012535 0.007239
1 0.133705 0.805584 0.052925 0.049638
1 0.112117 0.784385 0.012535 0.007239
1 0.919220 0.774043 0.011142 0.005171
1 0.800139 0.774043 0.012535 0.005171
1 0.783426 0.774043 0.012535 0.005171
1 0.529944 0.774043 0.012535 0.005171
1 0.513928 0.774043 0.011142 0.005171
1 0.367688 0.774043 0.011142 0.005171
1 0.248607 0.774043 0.012535 0.005171
1 0.231894 0.774043 0.012535 0.005171
1 0.095404 0.773526 0.006964 0.010341
1 0.363510 0.771458 0.557103 0.014478
1 0.867688 0.730093 0.011142 0.008273
1 0.800139 0.730093 0.012535 0.008273
1 0.576602 0.730093 0.011142 0.008273
1 0.509053 0.730093 0.012535 0.008273
1 0.440808 0.730093 0.012535 0.008273
1 0.307799 0.730093 0.011142 0.008273
1 0.242340 0.730093 0.011142 0.008273
1 0.177577 0.730093 0.012535 0.008273
1 0.112117 0.730093 0.012535 0.008273
1 0.868384 0.718201 0.012535 0.007239
1 0.083565 0.721303 0.005571 0.013444
1 0.076602 0.721303 0.005571 0.013444
1 0.576602 0.717684 0.011142 0.008273
1 0.440808 0.717684 0.012535 0.008273
1 0.307799 0.717684 0.011142 0.008273
1 0.177577 0.717684 0.012535 0.008273
1 0.893454 0.726991 0.062674 0.049638
1 0.885097 0.705791 0.012535 0.007239
1 0.825905 0.726991 0.061281 0.049638
1 0.800139 0.705791 0.012535 0.007239
1 0.783426 0.705791 0.012535 0.007239
1 0.752786 0.726991 0.054318 0.049638
1 0.715181 0.705791 0.012535 0.007239
1 0.698468 0.705791 0.012535 0.007239
1 0.685237 0.726991 0.052925 0.049638
1 0.602368 0.726991 0.062674 0.049638
1 0.610724 0.705791 0.012535 0.007239
1 0.594011 0.705791 0.012535 0.007239
1 0.534123 0.726991 0.062674 0.049638
1 0.525766 0.705791 0.012535 0.007239
1 0.509053 0.705791 0.012535 0.007239
1 0.492340 0.705791 0.012535 0.007239
1 0.462396 0.726991 0.052925 0.049638
1 0.424095 0.705791 0.012535 0.007239
1 0.393454 0.726991 0.054318 0.049638
1 0.321031 0.725440 0.037604 0.046536
1 0.291783 0.705791 0.012535 0.007239
1 0.262535 0.726991 0.051532 0.049638
1 0.243036 0.705791 0.012535 0.007239
1 0.226323 0.705791 0.012535 0.007239
1 0.197075 0.726991 0.051532 0.049638
1 0.194290 0.705791 0.012535 0.007239
1 0.137187 0.726991 0.059889 0.049638
1 0.128830 0.705791 0.012535 0.007239
1 0.112117 0.705791 0.012535 0.007239
1 0.800139 0.695450 0.012535 0.005171
1 0.782730 0.695450 0.011142 0.005171
1 0.664345 0.695450 0.011142 0.005171
1 0.628134 0.695450 0.011142 0.005171
1 0.509053 0.695450 0.012535 0.005171
1 0.491643 0.695450 0.011142 0.005171
1 0.243036 0.695450 0.012535 0.005171
1 0.226323 0.695450 0.012535 0.005171
1 0.112117 0.695450 0.012535 0.005171
1 0.071727 0.692347 0.006964 0.007239
1 0.628830 0.639607 0.012535 0.007239
1 0.083565 0.642709 0.005571 0.013444
1 0.076602 0.642709 0.005571 0.013444
1 0.744429 0.639090 0.012535 0.008273
1 0.470056 0.639090 0.012535 0.008273
1 0.903203 0.627198 0.012535 0.007239
1 0.855850 0.627198 0.012535 0.007239
1 0.823816 0.627198 0.012535 0.007239
1 0.776462 0.627198 0.012535 0.007239
1 0.728412 0.627198 0.011142 0.007239
1 0.697075 0.627198 0.012535 0.007239
1 0.581476 0.627198 0.012535 0.007239
1 0.549443 0.627198 0.012535 0.007239
1 0.534123 0.627198 0.012535 0.007239
1 0.502089 0.627198 0.012535 0.007239
1 0.454735 0.627198 0.012535 0.007239
1 0.422702 0.627198 0.012535 0.007239
1 0.354457 0.627198 0.012535 0.007239
1 0.339136 0.627198 0.012535 0.007239
1 0.307103 0.627198 0.012535 0.007239
1 0.275070 0.627198 0.012535 0.007239
1 0.259749 0.627198 0.012535 0.007239
1 0.227716 0.627198 0.012535 0.007239
1 0.180362 0.627198 0.012535 0.007239
1 0.148329 0.627198 0.012535 0.007239
1 0.503482 0.648397 0.870474 0.049638
1 0.919220 0.616856 0.011142 0.005171
1 0.807799 0.616856 0.011142 0.005171
1 0.792479 0.616856 0.011142 0.005171
1 0.533426 0.616856 0.011142 0.005171
1 0.518106 0.616856 0.011142 0.005171
1 0.406685 0.616856 0.011142 0.005171
1 0.370474 0.616856 0.011142 0.005171
1 0.259053 0.616856 0.011142 0.005171
1 0.243733 0.616856 0.011142 0.005171
1 0.132312 0.616856 0.011142 0.005171
1 0.077994 0.613754 0.005571 0.007239
1 0.083565 0.564116 0.005571 0.013444
1 0.076602 0.564116 0.005571 0.013444
1 0.567549 0.548604 0.012535 0.007239
1 0.470056 0.548604 0.012535 0.007239
1 0.372563 0.548604 0.012535 0.007239
1 0.275070 0.548604 0.012535 0.007239
1 0.210306 0.548604 0.011142 0.007239
1 0.177577 0.548604 0.012535 0.007239
1 0.503482 0.569804 0.870474 0.049638
1 0.112117 0.548604 0.012535 0.007239
1 0.372563 0.538780 0.012535 0.006205
1 0.339833 0.538780 0.011142 0.006205
1 0.868384 0.482420 0.012535 0.007239
1 0.576602 0.482420 0.011142 0.007239
1 0.440808 0.482420 0.012535 0.007239
1 0.308496 0.482420 0.012535 0.007239
1 0.177577 0.482420 0.012535 0.007239
1 0.885097 0.470010 0.012535 0.007239
1 0.800139 0.470010 0.012535 0.007239
1 0.782730 0.470010 0.011142 0.007239
1 0.715181 0.470010 0.012535 0.007239
1 0.697772 0.470010 0.011142 0.007239
1 0.610724 0.470010 0.012535 0.007239
1 0.594011 0.470010 0.012535 0.007239
1 0.525766 0.470010 0.012535 0.007239
1 0.508357 0.470010 0.011142 0.007239
1 0.491643 0.470010 0.011142 0.007239
1 0.423398 0.470010 0.011142 0.007239
1 0.291783 0.470010 0.012535 0.007239
1 0.242340 0.470010 0.011142 0.007239
1 0.226323 0.470010 0.012535 0.007239
1 0.193593 0.470010 0.011142 0.007239
1 0.503482 0.491727 0.870474 0.050672
1 0.128134 0.470010 0.011142 0.007239
1 0.112117 0.470010 0.012535 0.007239
1 0.800139 0.460186 0.012535 0.006205
1 0.782730 0.460186 0.011142 0.006205
1 0.664345 0.460186 0.011142 0.006205
1 0.628134 0.460186 0.011142 0.006205
1 0.509053 0.460186 0.012535 0.006205
1 0.491643 0.460186 0.011142 0.006205
1 0.243036 0.460186 0.012535 0.006205
1 0.226323 0.460186 0.012535 0.006205
1 0.112117 0.460186 0.012535 0.006205
1 0.077298 0.456567 0.006964 0.007239
1 0.334958 0.451396 0.009749 0.005171
1 0.902507 0.391417 0.011142 0.007239
1 0.886490 0.391417 0.012535 0.007239
1 0.837047 0.391417 0.011142 0.007239
1 0.821031 0.391417 0.012535 0.007239
1 0.788301 0.391417 0.011142 0.007239
1 0.772284 0.391417 0.012535 0.007239
1 0.722841 0.391417 0.011142 0.007239
1 0.706825 0.391417 0.012535 0.007239
1 0.572423 0.391417 0.011142 0.007239
1 0.506964 0.391417 0.011142 0.007239
1 0.442201 0.391417 0.012535 0.007239
1 0.392758 0.391417 0.011142 0.007239
1 0.356546 0.391417 0.011142 0.007239
1 0.340529 0.391417 0.012535 0.007239
1 0.291783 0.391417 0.012535 0.007239
1 0.242340 0.391417 0.011142 0.007239
1 0.226323 0.391417 0.012535 0.007239
1 0.502786 0.413133 0.871866 0.050672
1 0.128134 0.391417 0.011142 0.007239
1 0.112117 0.391417 0.012535 0.007239
1 0.918524 0.381593 0.009749 0.006205
1 0.804318 0.381593 0.009749 0.006205
1 0.788301 0.381593 0.011142 0.006205
1 0.674095 0.381593 0.011142 0.006205
1 0.523677 0.381593 0.011142 0.006205
1 0.506964 0.381593 0.011142 0.006205
1 0.392758 0.381593 0.011142 0.006205
1 0.356546 0.381593 0.011142 0.006205
1 0.242340 0.381593 0.011142 0.006205
1 0.225627 0.381593 0.011142 0.006205
1 0.111421 0.381593 0.011142 0.006205
1 0.898329 0.349535 0.027855 0.012410
2 0.916435 0.312823 0.011142 0.007239
2 0.841226 0.312823 0.011142 0.007239
2 0.825209 0.312823 0.012535 0.007239
2 0.776462 0.312823 0.012535 0.007239
2 0.727019 0.312823 0.011142 0.007239
2 0.711003 0.312823 0.012535 0.007239
2 0.641365 0.312823 0.012535 0.007239
2 0.624652 0.312823 0.012535 0.007239
2 0.556407 0.312823 0.012535 0.007239
2 0.538997 0.312823 0.011142 0.007239
2 0.454039 0.312823 0.011142 0.007239
2 0.366992 0.312823 0.012535 0.007239
2 0.350279 0.312823 0.012535 0.007239
2 0.332869 0.312823 0.011142 0.007239
2 0.282033 0.312823 0.012535 0.007239
2 0.265320 0.312823 0.012535 0.007239
2 0.247911 0.312823 0.011142 0.007239
2 0.197075 0.312823 0.012535 0.007239
2 0.162953 0.312823 0.011142 0.007239
1 0.502786 0.334540 0.871866 0.050672
2 0.112117 0.312823 0.012535 0.007239
2 0.825209 0.302999 0.009749 0.006205
2 0.808496 0.302999 0.009749 0.006205
2 0.694290 0.302999 0.009749 0.006205
2 0.658078 0.302999 0.009749 0.006205
2 0.538997 0.302999 0.011142 0.006205
2 0.522284 0.302999 0.011142 0.006205
2 0.403203 0.302999 0.009749 0.006205
2 0.366992 0.302999 0.009749 0.006205
2 0.247911 0.302999 0.011142 0.006205
2 0.231198 0.302999 0.011142 0.006205
2 0.112117 0.302999 0.009749 0.006205
2 0.070334 0.299897 0.006964 0.006205
2 0.917131 0.293175 0.009749 0.007239
2 0.502786 0.255946 0.871866 0.050672
2 0.919220 0.224405 0.011142 0.006205
2 0.800139 0.224405 0.012535 0.006205
2 0.782730 0.224405 0.011142 0.006205
2 0.664345 0.224405 0.011142 0.006205
2 0.598886 0.224405 0.011142 0.006205
2 0.582869 0.224405 0.012535 0.006205
2 0.534123 0.224405 0.012535 0.006205
2 0.518106 0.224405 0.011142 0.006205
2 0.468663 0.224405 0.012535 0.006205
2 0.452646 0.224405 0.011142 0.006205
2 0.403900 0.224405 0.011142 0.006205
2 0.367688 0.224405 0.011142 0.006205
2 0.316156 0.224405 0.011142 0.006205
2 0.299443 0.224405 0.011142 0.006205
2 0.247911 0.224405 0.011142 0.006205
2 0.231198 0.224405 0.011142 0.006205
2 0.180362 0.224405 0.012535 0.006205
2 0.162953 0.224405 0.011142 0.006205
2 0.112117 0.224405 0.012535 0.006205
2 0.626045 0.214581 0.009749 0.007239
2 0.204735 0.195450 0.072423 0.014478
2 0.524373 0.177353 0.828691 0.050672
2 0.919220 0.145812 0.011142 0.006205
2 0.848189 0.145812 0.011142 0.006205
2 0.824513 0.145812 0.011142 0.006205
2 0.753482 0.145812 0.011142 0.006205
2 0.729805 0.145812 0.011142 0.006205
2 0.658774 0.145812 0.011142 0.006205
2 0.635097 0.145812 0.011142 0.006205
2 0.564067 0.145812 0.011142 0.006205
2 0.527855 0.145812 0.011142 0.006205
2 0.456825 0.145812 0.011142 0.006205
2 0.433148 0.145812 0.011142 0.006205
2 0.362813 0.145812 0.012535 0.006205
2 0.339136 0.145812 0.012535 0.006205
2 0.268106 0.145812 0.012535 0.006205
2 0.244429 0.145812 0.012535 0.006205
2 0.173398 0.145812 0.012535 0.006205
2 0.199164 0.133402 0.008357 0.010341
2 0.176184 0.133402 0.006964 0.010341
2 0.187326 0.132885 0.009749 0.011375
2 0.140669 0.131851 0.008357 0.015512
2 0.935237 0.112203 0.006964 0.005171
2 0.919916 0.111686 0.006964 0.006205
2 0.911560 0.111686 0.006964 0.006205
2 0.873955 0.111686 0.012535 0.006205
2 0.852368 0.111686 0.005571 0.006205
2 0.902507 0.110134 0.008357 0.009307
2 0.892758 0.109100 0.008357 0.007239
2 0.845404 0.109617 0.005571 0.008273
2 0.839833 0.110134 0.005571 0.009307
2 0.557103 0.097725 0.013928 0.009307
2 0.526462 0.097725 0.011142 0.009307
2 0.512535 0.097725 0.011142 0.009307
2 0.465877 0.097725 0.012535 0.009307
2 0.573816 0.095140 0.013928 0.014478
2 0.540390 0.095140 0.013928 0.014478
2 0.493733 0.095140 0.026462 0.014478
2 0.450557 0.095140 0.015320 0.014478
2 0.433148 0.095140 0.016713 0.014478
2 0.594011 0.066184 0.018106 0.014478
2 0.574513 0.066184 0.015320 0.014478
2 0.557103 0.065667 0.016713 0.013444
2 0.500000 0.068769 0.019499 0.019648
2 0.436630 0.066184 0.015320 0.014478
2 0.395543 0.066184 0.016713 0.014478
2 0.610724 0.063599 0.012535 0.017580
2 0.534123 0.062565 0.023677 0.019648
2 0.474234 0.062565 0.034819 0.019648
2 0.372563 0.062565 0.023677 0.019648
2 0.629526 0.062048 0.022284 0.020683
2 0.417131 0.062048 0.020891 0.020683