0 0.764000 0.899793 0.010667 0.008264
0 0.694667 0.899793 0.010667 0.008264
0 0.628000 0.899793 0.010667 0.008264
0 0.368667 0.899793 0.012000 0.008264
0 0.268000 0.899793 0.010667 0.008264
0 0.840000 0.886880 0.010667 0.007231
0 0.672667 0.886880 0.012000 0.007231
0 0.084000 0.889979 0.005333 0.013430
0 0.077333 0.889979 0.005333 0.013430
1 0.839333 0.875000 0.012000 0.008264
1 0.763333 0.875000 0.012000 0.008264
1 0.267333 0.875000 0.012000 0.008264
1 0.872667 0.868802 0.012000 0.018595
1 0.221333 0.868802 0.010667 0.018595
1 0.187333 0.875000 0.012000 0.030992
1 0.111333 0.881715 0.012000 0.044421
1 0.688000 0.862603 0.024000 0.012397
1 0.807333 0.866736 0.033333 0.022727
1 0.604000 0.879649 0.234667 0.048554
1 0.486667 0.857438 0.021333 0.004132
1 0.390667 0.879649 0.189333 0.048554
1 0.156000 0.866736 0.032000 0.022727
1 0.819333 0.840393 0.012000 0.005165
1 0.492667 0.838326 0.009333 0.007231
1 0.362667 0.823347 0.010667 0.016529
1 0.111333 0.823864 0.009333 0.017562
1 0.272000 0.799587 0.008000 0.006198
1 0.277333 0.807851 0.416000 0.039256
1 0.827333 0.785640 0.012000 0.007231
1 0.756667 0.785124 0.012000 0.006198
1 0.537333 0.785124 0.010667 0.006198
1 0.408667 0.785124 0.012000 0.006198
1 0.141333 0.785124 0.010667 0.006198
1 0.804000 0.785124 0.010667 0.008264
1 0.393333 0.784607 0.010667 0.007231
1 0.549333 0.790289 0.010667 0.022727
1 0.428000 0.790289 0.018667 0.022727
1 0.308000 0.790289 0.010667 0.022727
1 0.176000 0.790289 0.018667 0.022727
1 0.078667 0.773760 0.005333 0.004132
1 0.884000 0.778926 0.010667 0.018595
1 0.694667 0.797521 0.416000 0.059917
1 0.838667 0.777376 0.016000 0.021694
1 0.750667 0.784091 0.050667 0.035124
1 0.290667 0.777376 0.018667 0.021694
1 0.154000 0.777376 0.017333 0.021694
1 0.863333 0.783574 0.025333 0.036157
1 0.549333 0.762397 0.008000 0.006198
1 0.308000 0.762397 0.008000 0.006198
1 0.408000 0.756198 0.010667 0.010331
1 0.396667 0.756198 0.006667 0.010331
1 0.418667 0.755682 0.010667 0.011364
1 0.536667 0.750517 0.009333 0.007231
1 0.362667 0.755165 0.008000 0.016529
1 0.286000 0.750000 0.009333 0.008264
1 0.639333 0.690083 0.052000 0.008264
1 0.080000 0.682335 0.005333 0.007231
1 0.485333 0.700413 0.834667 0.047521
1 0.750000 0.680785 0.009333 0.010331
1 0.738667 0.680785 0.010667 0.010331
1 0.728000 0.680785 0.008000 0.010331
1 0.694667 0.679752 0.008000 0.016529
1 0.848000 0.658574 0.010667 0.007231
1 0.828667 0.657541 0.009333 0.005165
1 0.810000 0.658574 0.009333 0.007231
1 0.791333 0.658574 0.009333 0.007231
1 0.621333 0.643079 0.032000 0.013430
1 0.640667 0.631198 0.012000 0.008264
1 0.490000 0.631198 0.012000 0.008264
1 0.321333 0.630682 0.010667 0.007231
1 0.240000 0.641529 0.093333 0.028926
2 0.820000 0.599174 0.010667 0.012397
2 0.079333 0.593492 0.006667 0.007231
2 0.485333 0.616219 0.834667 0.067149
2 0.696667 0.554236 0.017333 0.013430
2 0.853333 0.541839 0.010667 0.007231
2 0.709333 0.541839 0.010667 0.007231
2 0.581333 0.541839 0.010667 0.007231
2 0.483333 0.541839 0.012000 0.007231
2 0.456667 0.552169 0.046667 0.027893
2 0.323333 0.541839 0.012000 0.007231
2 0.258000 0.541322 0.012000 0.008264
2 0.192000 0.541322 0.010667 0.008264
2 0.868667 0.528926 0.012000 0.008264
2 0.670667 0.528409 0.010667 0.007231
2 0.468000 0.528926 0.010667 0.008264
2 0.414667 0.528409 0.010667 0.007231
2 0.338667 0.528926 0.010667 0.008264
2 0.283333 0.528409 0.012000 0.007231
2 0.220667 0.528409 0.012000 0.007231
2 0.192000 0.528926 0.010667 0.008264
2 0.084000 0.531508 0.005333 0.013430
2 0.077333 0.531508 0.005333 0.013430
2 0.868667 0.517045 0.012000 0.007231
2 0.861333 0.536674 0.056000 0.046488
2 0.692667 0.517045 0.012000 0.007231
2 0.670000 0.517045 0.012000 0.007231
2 0.589333 0.536674 0.056000 0.046488
2 0.468667 0.517045 0.012000 0.007231
2 0.438000 0.517045 0.012000 0.007231
2 0.414000 0.517045 0.012000 0.007231
2 0.339333 0.517045 0.012000 0.007231
2 0.330667 0.536674 0.058667 0.046488
2 0.191333 0.517045 0.012000 0.007231
2 0.166000 0.537190 0.028000 0.047521
2 0.646667 0.516012 0.010667 0.007231
2 0.390000 0.516012 0.012000 0.007231
2 0.283333 0.516529 0.012000 0.008264
2 0.257333 0.512913 0.016000 0.007231
2 0.814667 0.516529 0.010667 0.030992
2 0.790000 0.523244 0.012000 0.044421
2 0.543333 0.516529 0.012000 0.030992
2 0.518667 0.523244 0.010667 0.044421
2 0.135333 0.516529 0.012000 0.030992
2 0.112000 0.510331 0.010667 0.018595
2 0.080000 0.504132 0.005333 0.006198
2 0.072667 0.503616 0.006667 0.007231
2 0.741333 0.512913 0.040000 0.038223
2 0.210667 0.512397 0.029333 0.039256
2 0.517333 0.494318 0.008000 0.005165
2 0.574000 0.490186 0.009333 0.011364
2 0.562667 0.490186 0.010667 0.011364
2 0.551333 0.490186 0.006667 0.011364
2 0.758000 0.481921 0.012000 0.005165
2 0.744667 0.481921 0.012000 0.005165
2 0.865333 0.457645 0.048000 0.022727
2 0.846000 0.450413 0.012000 0.008264
2 0.806667 0.449897 0.010667 0.007231
2 0.770667 0.450413 0.010667 0.008264
2 0.192667 0.450413 0.012000 0.008264
2 0.485333 0.439050 0.834667 0.072314
2 0.110667 0.400826 0.008000 0.006198
2 0.396000 0.398760 0.010667 0.010331
2 0.384667 0.398760 0.009333 0.010331
2 0.373333 0.398760 0.008000 0.010331
2 0.167333 0.396694 0.009333 0.010331
2 0.156000 0.396694 0.010667 0.010331
2 0.144667 0.396694 0.006667 0.010331
2 0.340000 0.397727 0.008000 0.016529
2 0.548000 0.390496 0.010667 0.006198
2 0.534667 0.390496 0.010667 0.006198
2 0.744000 0.376033 0.016000 0.016529
2 0.840000 0.367252 0.010667 0.019628
2 0.726667 0.347107 0.008000 0.006198
2 0.528667 0.347624 0.012000 0.007231
2 0.501333 0.347624 0.010667 0.007231
2 0.473333 0.347624 0.010667 0.007231
2 0.362000 0.347624 0.012000 0.007231
2 0.334667 0.347624 0.010667 0.007231
2 0.306667 0.347624 0.010667 0.007231
2 0.195333 0.347624 0.012000 0.007231
2 0.168000 0.347624 0.010667 0.007231
2 0.140000 0.347624 0.010667 0.007231
2 0.084000 0.350723 0.005333 0.013430
2 0.077333 0.350723 0.005333 0.013430
2 0.675333 0.350723 0.006667 0.017562
2 0.732000 0.339360 0.008000 0.013430
2 0.768667 0.347107 0.060000 0.035124
2 0.486667 0.338843 0.093333 0.024793
2 0.381333 0.338843 0.085333 0.024793
2 0.264667 0.338843 0.094667 0.024793
2 0.153333 0.338843 0.093333 0.024793
2 0.572667 0.338326 0.020000 0.025826
2 0.078667 0.322314 0.005333 0.006198
2 0.842667 0.258264 0.010667 0.008264
2 0.708000 0.258264 0.010667 0.008264
2 0.591333 0.258264 0.012000 0.008264
2 0.456667 0.258264 0.012000 0.008264
2 0.322667 0.258264 0.010667 0.008264
2 0.188000 0.258264 0.010667 0.008264
2 0.486000 0.261880 0.833333 0.025826
2 0.856000 0.251033 0.018667 0.022727
2 0.722000 0.251033 0.020000 0.022727
2 0.582000 0.251033 0.028000 0.022727
2 0.448000 0.251033 0.029333 0.022727
2 0.313333 0.251033 0.029333 0.022727
2 0.178667 0.251033 0.029333 0.022727
2 0.078667 0.232955 0.005333 0.007231
2 0.237333 0.198864 0.013333 0.011364
2 0.185333 0.149793 0.013333 0.012397
2 0.506000 0.162707 0.793333 0.044421
2 0.634000 0.139463 0.009333 0.010331
2 0.622667 0.139463 0.010667 0.010331
2 0.612000 0.139463 0.008000 0.010331
2 0.867333 0.133781 0.009333 0.007231
2 0.578667 0.138430 0.008000 0.016529
2 0.194667 0.133781 0.010667 0.011364
2 0.184000 0.133781 0.010667 0.011364
2 0.172667 0.133781 0.006667 0.011364
2 0.138667 0.132748 0.008000 0.015496
2 0.884667 0.124483 0.009333 0.007231
2 0.566667 0.099174 0.010667 0.010331
2 0.553333 0.100723 0.013333 0.013430
2 0.542000 0.098657 0.006667 0.009298
2 0.532000 0.098657 0.010667 0.009298
2 0.504667 0.099174 0.012000 0.010331
2 0.464667 0.099174 0.012000 0.010331
2 0.452667 0.098657 0.006667 0.009298
2 0.441333 0.098657 0.013333 0.009298
2 0.430667 0.098657 0.005333 0.009298
2 0.518667 0.096074 0.013333 0.014463
2 0.488667 0.096591 0.017333 0.015496
2 0.422000 0.096074 0.006667 0.014463
2 0.408000 0.096591 0.018667 0.015496
2 0.543333 0.067149 0.020000 0.012397
2 0.462667 0.067149 0.016000 0.014463
2 0.444667 0.067149 0.014667 0.014463
2 0.426667 0.069731 0.018667 0.019628
2 0.512000 0.063533 0.018667 0.019628
2 0.482667 0.063533 0.018667 0.021694