0 0.862309 0.899690 0.011127 0.008273
0 0.693324 0.899690 0.012517 0.008273
0 0.525035 0.899690 0.012517 0.008273
0 0.356050 0.899690 0.011127 0.008273
0 0.899861 0.889866 0.011127 0.013444
0 0.824061 0.886763 0.012517 0.007239
0 0.731572 0.889866 0.011127 0.013444
0 0.655772 0.886763 0.012517 0.007239
0 0.563282 0.889866 0.011127 0.013444
0 0.394298 0.889866 0.012517 0.013444
0 0.226008 0.886763 0.012517 0.007239
0 0.083449 0.889866 0.005563 0.013444
0 0.076495 0.889866 0.005563 0.013444
1 0.861613 0.874354 0.012517 0.007239
1 0.824061 0.874871 0.012517 0.008273
1 0.226008 0.874871 0.012517 0.008273
1 0.168985 0.874354 0.012517 0.007239
1 0.131433 0.874354 0.012517 0.007239
1 0.079277 0.861427 0.005563 0.006205
1 0.070932 0.861427 0.005563 0.006205
1 0.894993 0.866598 0.059805 0.022751
1 0.814325 0.879524 0.068150 0.048604
1 0.515299 0.879524 0.479833 0.048604
1 0.216273 0.879524 0.068150 0.048604
1 0.140473 0.879524 0.069541 0.048604
1 0.078581 0.781799 0.006954 0.006205
1 0.070932 0.781799 0.005563 0.006205
1 0.502086 0.799380 0.870654 0.047570
1 0.842837 0.715098 0.011127 0.007239
1 0.732267 0.715098 0.012517 0.007239
1 0.712100 0.715098 0.011127 0.007239
1 0.693324 0.715098 0.012517 0.007239
1 0.577886 0.715098 0.012517 0.007239
1 0.540334 0.715098 0.012517 0.007239
1 0.502086 0.715098 0.011127 0.007239
1 0.391516 0.715098 0.012517 0.007239
1 0.335188 0.715098 0.011127 0.007239
1 0.224618 0.715098 0.012517 0.007239
1 0.187065 0.715098 0.012517 0.007239
1 0.616829 0.711479 0.015299 0.006205
1 0.079277 0.702172 0.005563 0.006205
1 0.727399 0.707342 0.058414 0.022751
1 0.220445 0.707342 0.057024 0.022751
1 0.502086 0.717684 0.870654 0.051706
1 0.083449 0.650982 0.005563 0.013444
1 0.076495 0.650982 0.005563 0.013444
1 0.899861 0.647363 0.011127 0.008273
1 0.824061 0.647363 0.012517 0.008273
1 0.731572 0.647363 0.011127 0.008273
1 0.655076 0.647363 0.011127 0.008273
1 0.563282 0.647363 0.011127 0.008273
1 0.394298 0.647363 0.012517 0.008273
1 0.226008 0.647363 0.012517 0.008273
1 0.899166 0.635471 0.012517 0.007239
1 0.861613 0.635471 0.012517 0.007239
1 0.730876 0.635471 0.012517 0.007239
1 0.693324 0.635471 0.012517 0.007239
1 0.562587 0.635471 0.012517 0.007239
1 0.468011 0.634953 0.012517 0.006205
1 0.299722 0.634953 0.012517 0.006205
1 0.168985 0.634953 0.012517 0.006205
1 0.130737 0.634953 0.011127 0.006205
1 0.824061 0.634953 0.012517 0.008273
1 0.655772 0.634953 0.012517 0.008273
1 0.636300 0.634436 0.012517 0.007239
1 0.525035 0.634953 0.012517 0.008273
1 0.394298 0.634953 0.012517 0.008273
1 0.356745 0.634953 0.012517 0.008273
1 0.337274 0.634436 0.012517 0.007239
1 0.226008 0.634953 0.012517 0.008273
1 0.078581 0.622027 0.006954 0.007239
1 0.070236 0.622027 0.006954 0.007239
1 0.894298 0.627198 0.058414 0.021717
1 0.726008 0.627198 0.058414 0.021717
1 0.720445 0.640124 0.433936 0.047570
1 0.557719 0.627198 0.058414 0.021717
1 0.389430 0.627198 0.058414 0.021717
1 0.289986 0.640124 0.443672 0.047570
1 0.582754 0.580145 0.011127 0.008273
1 0.568846 0.588935 0.011127 0.025853
1 0.484006 0.586350 0.011127 0.020683
1 0.470097 0.588935 0.011127 0.025853
1 0.444367 0.579628 0.012517 0.007239
1 0.266342 0.579628 0.012517 0.007239
1 0.213491 0.567218 0.012517 0.007239
1 0.083449 0.570321 0.005563 0.013444
1 0.076495 0.570321 0.005563 0.013444
1 0.911683 0.569804 0.006954 0.018614
1 0.385257 0.552223 0.016690 0.006205
1 0.365090 0.552223 0.018081 0.006205
1 0.443672 0.551706 0.016690 0.007239
1 0.079277 0.541882 0.005563 0.006205
1 0.071627 0.542399 0.006954 0.007239
1 0.502782 0.565150 0.869263 0.067218
1 0.880389 0.514995 0.011127 0.014478
2 0.713491 0.472079 0.016690 0.007239
2 0.671766 0.472079 0.016690 0.007239
2 0.071627 0.462771 0.006954 0.005171
2 0.078581 0.462254 0.006954 0.006205
2 0.502086 0.489142 0.870654 0.066184
2 0.881780 0.395553 0.011127 0.007239
2 0.863004 0.395553 0.012517 0.007239
2 0.808067 0.395553 0.011127 0.007239
2 0.789291 0.395553 0.012517 0.007239
2 0.700974 0.395553 0.011127 0.007239
2 0.664812 0.395553 0.011127 0.007239
2 0.646036 0.395553 0.012517 0.007239
2 0.554937 0.395553 0.011127 0.007239
2 0.535466 0.395553 0.011127 0.007239
2 0.499305 0.395553 0.011127 0.007239
2 0.480529 0.395553 0.012517 0.007239
2 0.389430 0.395553 0.011127 0.007239
2 0.369958 0.395553 0.011127 0.007239
2 0.333797 0.395553 0.011127 0.007239
2 0.315021 0.395553 0.012517 0.007239
2 0.223922 0.395553 0.011127 0.007239
2 0.204451 0.395553 0.011127 0.007239
2 0.168289 0.395553 0.011127 0.007239
2 0.149513 0.395553 0.012517 0.007239
2 0.502086 0.400207 0.870654 0.047570
2 0.601530 0.379007 0.006954 0.009307
2 0.861613 0.340228 0.012517 0.008273
2 0.693324 0.340228 0.012517 0.008273
2 0.525035 0.340228 0.012517 0.008273
2 0.356745 0.340228 0.012517 0.008273
2 0.083449 0.331437 0.005563 0.013444
2 0.076495 0.331437 0.005563 0.013444
2 0.899861 0.327301 0.011127 0.007239
2 0.824061 0.327818 0.012517 0.008273
2 0.731572 0.327818 0.011127 0.008273
2 0.655076 0.327818 0.011127 0.008273
2 0.563282 0.327818 0.011127 0.008273
2 0.394298 0.327818 0.012517 0.008273
2 0.899166 0.315926 0.012517 0.007239
2 0.861613 0.315926 0.012517 0.007239
2 0.730876 0.315926 0.012517 0.007239
2 0.693324 0.315926 0.012517 0.007239
2 0.562587 0.315926 0.012517 0.007239
2 0.468011 0.315408 0.012517 0.006205
2 0.299722 0.315408 0.012517 0.006205
2 0.168985 0.315408 0.012517 0.006205
2 0.131433 0.315408 0.012517 0.006205
2 0.824061 0.315408 0.012517 0.008273
2 0.655772 0.315408 0.012517 0.008273
2 0.636300 0.314891 0.012517 0.007239
2 0.525035 0.315408 0.012517 0.008273
2 0.394298 0.315408 0.012517 0.008273
2 0.356745 0.315408 0.012517 0.008273
2 0.337274 0.314891 0.012517 0.007239
2 0.225313 0.314891 0.011127 0.007239
2 0.894298 0.307653 0.058414 0.021717
2 0.814325 0.320579 0.068150 0.047570
2 0.726008 0.307653 0.058414 0.021717
2 0.646036 0.320579 0.068150 0.047570
2 0.557719 0.307653 0.058414 0.021717
2 0.477747 0.320579 0.068150 0.047570
2 0.389430 0.307653 0.058414 0.021717
2 0.309458 0.320579 0.068150 0.047570
2 0.216273 0.320579 0.068150 0.047570
2 0.141168 0.320579 0.068150 0.047570
2 0.862309 0.260083 0.011127 0.007239
2 0.693324 0.260083 0.012517 0.007239
2 0.525035 0.260083 0.012517 0.007239
2 0.356745 0.260083 0.012517 0.007239
2 0.502782 0.239917 0.869263 0.047570
2 0.614743 0.152534 0.016690 0.007239
2 0.199583 0.138573 0.009736 0.010341
2 0.187761 0.138573 0.008345 0.010341
2 0.175939 0.138573 0.006954 0.010341
2 0.523644 0.164943 0.827538 0.065150
2 0.140473 0.137539 0.008345 0.016546
2 0.933936 0.112203 0.006954 0.005171
2 0.918637 0.111686 0.006954 0.006205
2 0.910292 0.111686 0.006954 0.006205
2 0.872740 0.111686 0.012517 0.006205
2 0.851182 0.111686 0.005563 0.006205
2 0.901252 0.110134 0.008345 0.009307
2 0.891516 0.109100 0.008345 0.007239
2 0.844228 0.109617 0.005563 0.008273
2 0.838665 0.110134 0.005563 0.009307
2 0.556328 0.097725 0.013908 0.009307
2 0.525730 0.097725 0.011127 0.009307
2 0.511822 0.097725 0.011127 0.009307
2 0.465229 0.097725 0.012517 0.009307
2 0.573018 0.095140 0.013908 0.014478
2 0.539638 0.095140 0.013908 0.014478
2 0.493046 0.095140 0.026426 0.014478
2 0.449930 0.095140 0.015299 0.014478
2 0.432545 0.095140 0.016690 0.014478
2 0.503477 0.066184 0.022253 0.012410
2 0.631433 0.065667 0.013908 0.013444
2 0.614047 0.065667 0.015299 0.013444
2 0.595967 0.066184 0.018081 0.014478
2 0.575800 0.066184 0.016690 0.014478
2 0.523644 0.065667 0.015299 0.013444
2 0.482615 0.066184 0.016690 0.014478
2 0.430459 0.066184 0.015299 0.014478
2 0.412378 0.065667 0.018081 0.013444
2 0.392907 0.066184 0.018081 0.014478
2 0.554242 0.062565 0.023644 0.019648
2 0.463143 0.062565 0.027816 0.019648
2 0.370654 0.062565 0.020862 0.021717