0 0.813808 0.899690 0.012552 0.008273
0 0.777545 0.899690 0.012552 0.008273
0 0.668061 0.899690 0.011158 0.008273
0 0.521618 0.899690 0.011158 0.008273
0 0.485356 0.899690 0.011158 0.008273
0 0.431660 0.899690 0.012552 0.008273
0 0.245467 0.899690 0.011158 0.008273
0 0.842399 0.886763 0.011158 0.007239
0 0.752441 0.886763 0.012552 0.007239
0 0.631799 0.886763 0.011158 0.007239
0 0.606695 0.886763 0.011158 0.007239
0 0.460251 0.886763 0.011158 0.007239
0 0.297071 0.886763 0.011158 0.007239
0 0.086471 0.889866 0.005579 0.013444
0 0.079498 0.889866 0.005579 0.013444
1 0.777545 0.875905 0.012552 0.006205
1 0.813808 0.874354 0.012552 0.007239
1 0.296374 0.874871 0.012552 0.008273
1 0.244770 0.874354 0.012552 0.007239
1 0.212692 0.874354 0.012552 0.007239
1 0.163877 0.874354 0.012552 0.007239
1 0.131799 0.874354 0.012552 0.007239
1 0.769177 0.869183 0.026499 0.007239
1 0.477685 0.869183 0.026499 0.007239
1 0.870293 0.881593 0.011158 0.044467
1 0.626220 0.881593 0.237099 0.044467
1 0.073919 0.861427 0.005579 0.006205
1 0.667364 0.860910 0.009763 0.007239
1 0.631102 0.859876 0.012552 0.005171
1 0.374477 0.860910 0.009763 0.007239
1 0.262901 0.866598 0.026499 0.022751
1 0.911437 0.871768 0.037657 0.037229
1 0.623431 0.856774 0.027894 0.007239
1 0.403766 0.877973 0.205021 0.051706
1 0.204324 0.871251 0.059972 0.038263
1 0.139470 0.877973 0.061367 0.051706
1 0.244770 0.838159 0.009763 0.007239
1 0.631102 0.835057 0.009763 0.007239
1 0.338215 0.835057 0.009763 0.007239
1 0.296374 0.835057 0.009763 0.007239
1 0.663877 0.811272 0.011158 0.007239
1 0.412831 0.811272 0.011158 0.007239
1 0.254533 0.811272 0.012552 0.007239
1 0.611576 0.766287 0.043236 0.004137
1 0.506974 0.789555 0.871688 0.050672
1 0.536262 0.749741 0.009763 0.008273
1 0.626918 0.746639 0.009763 0.008273
1 0.586471 0.746639 0.009763 0.008273
1 0.375872 0.746639 0.009763 0.008273
1 0.081590 0.685626 0.006974 0.006205
1 0.723152 0.680455 0.051604 0.008273
1 0.212692 0.680455 0.051604 0.008273
1 0.506276 0.701655 0.873082 0.050672
1 0.248954 0.661324 0.009763 0.007239
1 0.923291 0.658221 0.011158 0.007239
1 0.880056 0.658221 0.011158 0.007239
1 0.657601 0.657187 0.009763 0.005171
1 0.345188 0.658221 0.009763 0.007239
1 0.301953 0.658221 0.009763 0.007239
2 0.654114 0.607549 0.016736 0.007239
2 0.506276 0.619959 0.873082 0.065150
2 0.290098 0.571872 0.011158 0.004137
2 0.207113 0.573423 0.009763 0.007239
2 0.923989 0.570321 0.009763 0.007239
2 0.253138 0.570321 0.009763 0.007239
2 0.877266 0.522751 0.011158 0.007239
2 0.859833 0.522751 0.012552 0.007239
2 0.707113 0.522751 0.011158 0.007239
2 0.656904 0.522751 0.011158 0.007239
2 0.638773 0.522751 0.011158 0.007239
2 0.556485 0.522751 0.011158 0.007239
2 0.538354 0.522751 0.011158 0.007239
2 0.488145 0.522751 0.011158 0.007239
2 0.470014 0.522751 0.011158 0.007239
2 0.387727 0.522751 0.011158 0.007239
2 0.369596 0.522751 0.011158 0.007239
2 0.319386 0.522751 0.011158 0.007239
2 0.218968 0.522751 0.011158 0.007239
2 0.167364 0.522751 0.011158 0.007239
2 0.149930 0.522751 0.012552 0.007239
2 0.506276 0.525853 0.873082 0.050672
2 0.576011 0.513444 0.030683 0.025853
2 0.407252 0.513444 0.030683 0.025853
2 0.237796 0.513444 0.032078 0.025853
2 0.691074 0.485522 0.009763 0.007239
2 0.352162 0.485522 0.009763 0.007239
2 0.724547 0.483454 0.009763 0.005171
2 0.923989 0.482420 0.009763 0.007239
2 0.755230 0.482420 0.009763 0.007239
2 0.585077 0.482420 0.009763 0.007239
2 0.416318 0.482420 0.009763 0.007239
2 0.387029 0.482420 0.009763 0.007239
2 0.247559 0.482420 0.009763 0.007239
2 0.086471 0.450362 0.005579 0.013444
2 0.079498 0.450362 0.005579 0.013444
2 0.756625 0.446743 0.012552 0.008273
2 0.661088 0.446743 0.011158 0.008273
2 0.601116 0.446743 0.011158 0.008273
2 0.524407 0.446743 0.011158 0.008273
2 0.407950 0.446743 0.012552 0.008273
2 0.251743 0.446743 0.012552 0.008273
2 0.175732 0.446743 0.011158 0.008273
2 0.696653 0.434850 0.012552 0.007239
2 0.660391 0.434850 0.012552 0.007239
2 0.600418 0.434850 0.012552 0.007239
2 0.523710 0.434850 0.012552 0.007239
2 0.347978 0.434850 0.012552 0.007239
2 0.251743 0.434850 0.012552 0.007239
2 0.175035 0.434850 0.012552 0.007239
2 0.756625 0.434333 0.012552 0.008273
2 0.580893 0.434333 0.012552 0.008273
2 0.504184 0.434333 0.012552 0.008273
2 0.407950 0.434333 0.012552 0.008273
2 0.271967 0.434333 0.011158 0.008273
2 0.155509 0.434333 0.012552 0.008273
2 0.311715 0.422441 0.012552 0.005171
2 0.836820 0.434850 0.011158 0.032058
2 0.716876 0.434850 0.011158 0.032058
2 0.483961 0.434850 0.011158 0.032058
2 0.368201 0.434850 0.011158 0.032058
2 0.135286 0.434850 0.011158 0.032058
2 0.290795 0.441055 0.439331 0.044467
2 0.080893 0.421406 0.005579 0.005171
2 0.725244 0.437952 0.435146 0.050672
2 0.650628 0.431748 0.032078 0.038263
2 0.539052 0.418821 0.020921 0.012410
2 0.422594 0.431748 0.022315 0.038263
2 0.301953 0.431748 0.032078 0.038263
2 0.190377 0.431748 0.020921 0.038263
2 0.908647 0.430714 0.040446 0.040331
2 0.660391 0.394519 0.009763 0.007239
2 0.427476 0.394519 0.009763 0.007239
2 0.195955 0.394519 0.009763 0.007239
2 0.921199 0.390900 0.006974 0.004137
2 0.880056 0.371251 0.011158 0.008273
2 0.653417 0.371251 0.012552 0.008273
2 0.548815 0.371251 0.012552 0.008273
2 0.294979 0.371251 0.012552 0.008273
2 0.086471 0.362461 0.005579 0.013444
2 0.079498 0.362461 0.005579 0.013444
2 0.903068 0.358842 0.012552 0.008273
2 0.764993 0.358842 0.012552 0.008273
2 0.511855 0.358325 0.011158 0.007239
2 0.406555 0.358842 0.012552 0.008273
2 0.153417 0.358325 0.011158 0.007239
2 0.879358 0.346949 0.012552 0.007239
2 0.566946 0.346432 0.012552 0.006205
2 0.511158 0.346949 0.012552 0.007239
2 0.208508 0.346432 0.012552 0.006205
2 0.152720 0.346949 0.012552 0.007239
2 0.903068 0.346432 0.012552 0.008273
2 0.764993 0.346432 0.012552 0.008273
2 0.709205 0.345915 0.012552 0.007239
2 0.653417 0.346432 0.012552 0.008273
2 0.617155 0.345915 0.012552 0.007239
2 0.603905 0.345915 0.011158 0.007239
2 0.548815 0.346432 0.012552 0.008273
2 0.492329 0.345915 0.011158 0.007239
2 0.406555 0.346432 0.012552 0.008273
2 0.350767 0.345915 0.012552 0.007239
2 0.294979 0.346432 0.012552 0.008273
2 0.258020 0.345915 0.011158 0.007239
2 0.855649 0.346432 0.012552 0.031024
2 0.832636 0.353154 0.011158 0.044467
2 0.615063 0.330920 0.013947 0.004137
2 0.736402 0.351086 0.030683 0.048604
2 0.686192 0.344881 0.058577 0.036194
2 0.562762 0.328852 0.020921 0.004137
2 0.502092 0.351086 0.066946 0.048604
2 0.377964 0.351086 0.030683 0.048604
2 0.327057 0.344881 0.057183 0.036194
2 0.199442 0.351086 0.030683 0.048604
2 0.143654 0.351086 0.066946 0.048604
2 0.918410 0.350052 0.023710 0.050672
2 0.785216 0.336608 0.033473 0.025853
2 0.601116 0.343330 0.041841 0.039297
2 0.426778 0.336608 0.033473 0.025853
2 0.242678 0.343330 0.041841 0.039297
2 0.727336 0.309721 0.009763 0.007239
2 0.368898 0.309721 0.009763 0.007239
2 0.795676 0.307653 0.009763 0.005171
2 0.435844 0.307653 0.006974 0.005171
2 0.258717 0.307653 0.009763 0.005171
2 0.764993 0.306618 0.009763 0.007239
2 0.617155 0.306618 0.009763 0.007239
2 0.406555 0.306618 0.009763 0.007239
2 0.836123 0.283351 0.012552 0.008273
2 0.767085 0.282834 0.011158 0.007239
2 0.730823 0.282834 0.011158 0.007239
2 0.669456 0.282834 0.011158 0.007239
2 0.440725 0.283351 0.011158 0.008273
2 0.278940 0.282834 0.011158 0.007239
2 0.181311 0.282834 0.011158 0.007239
2 0.836123 0.270941 0.012552 0.008273
2 0.801953 0.270424 0.011158 0.007239
2 0.636681 0.270424 0.012552 0.007239
2 0.474198 0.270424 0.011158 0.007239
2 0.376569 0.270424 0.011158 0.007239
2 0.242678 0.270424 0.011158 0.007239
2 0.086471 0.273526 0.005579 0.013444
2 0.079498 0.273526 0.005579 0.013444
2 0.073919 0.245605 0.005579 0.005171
2 0.603208 0.244571 0.009763 0.007239
2 0.278243 0.244571 0.009763 0.007239
2 0.241980 0.243537 0.012552 0.005171
2 0.506974 0.261117 0.871688 0.052740
2 0.566946 0.217684 0.009763 0.007239
2 0.241980 0.218201 0.009763 0.008273
2 0.923989 0.216649 0.009763 0.007239
2 0.884937 0.194933 0.012552 0.007239
2 0.624826 0.194933 0.011158 0.007239
2 0.512552 0.194933 0.012552 0.007239
2 0.476290 0.194933 0.012552 0.007239
2 0.437936 0.194933 0.011158 0.007239
2 0.325662 0.194933 0.012552 0.007239
2 0.847978 0.156670 0.011158 0.007239
2 0.624128 0.156670 0.009763 0.007239
2 0.588563 0.155636 0.011158 0.005171
2 0.400279 0.156670 0.011158 0.007239
2 0.527894 0.173216 0.829847 0.050672
2 0.176430 0.139090 0.009763 0.005171
2 0.363319 0.130817 0.009763 0.007239
2 0.813808 0.130300 0.006974 0.008273
2 0.587866 0.130300 0.009763 0.008273
2 0.202232 0.124095 0.011158 0.010341
2 0.190377 0.124095 0.009763 0.010341
2 0.179219 0.124095 0.006974 0.010341
2 0.143654 0.123061 0.008368 0.016546
2 0.939331 0.112203 0.006974 0.005171
2 0.923989 0.111686 0.006974 0.006205
2 0.915621 0.111686 0.006974 0.006205
2 0.877964 0.111686 0.012552 0.006205
2 0.856346 0.111686 0.005579 0.006205
2 0.906555 0.110134 0.008368 0.009307
2 0.896792 0.109100 0.008368 0.007239
2 0.849372 0.109617 0.005579 0.008273
2 0.843794 0.110134 0.005579 0.009307
2 0.560669 0.097725 0.013947 0.009307
2 0.529986 0.097725 0.011158 0.009307
2 0.516039 0.097725 0.011158 0.009307
2 0.469317 0.097725 0.012552 0.009307
2 0.577406 0.095140 0.013947 0.014478
2 0.543933 0.095140 0.013947 0.014478
2 0.497211 0.095140 0.026499 0.014478
2 0.453975 0.095140 0.015342 0.014478
2 0.436541 0.095140 0.016736 0.014478
2 0.541144 0.066184 0.011158 0.012410
2 0.515342 0.066184 0.009763 0.012410
2 0.573222 0.066184 0.016736 0.014478
2 0.555788 0.065667 0.015342 0.013444
2 0.501395 0.065667 0.015342 0.013444
2 0.483961 0.065667 0.013947 0.013444
2 0.465132 0.066184 0.018131 0.014478
2 0.530683 0.062048 0.015342 0.020683
2 0.443515 0.062565 0.019526 0.021717