0 0.846730 0.886880 0.012262 0.007231
0 0.447548 0.886880 0.012262 0.007231
0 0.084469 0.889979 0.005450 0.013430
0 0.077657 0.889979 0.005450 0.013430
0 0.779973 0.889463 0.006812 0.016529
0 0.510218 0.889979 0.006812 0.017562
0 0.380790 0.889463 0.006812 0.016529
0 0.111035 0.889979 0.006812 0.017562
0 0.651907 0.889463 0.006812 0.018595
0 0.240463 0.889463 0.006812 0.018595
0 0.918256 0.890496 0.005450 0.026860
0 0.611717 0.886364 0.231608 0.035124
0 0.397820 0.886364 0.193460 0.035124
1 0.177793 0.879649 0.012262 0.021694
1 0.096049 0.866219 0.006812 0.009298
1 0.071526 0.862087 0.006812 0.007231
1 0.501362 0.863636 0.831063 0.014463
1 0.809264 0.820764 0.010899 0.007231
1 0.717302 0.820764 0.012262 0.007231
1 0.681880 0.820764 0.012262 0.007231
1 0.664169 0.820764 0.012262 0.007231
1 0.433243 0.820764 0.010899 0.007231
1 0.344005 0.820764 0.012262 0.007231
1 0.255450 0.820764 0.012262 0.007231
1 0.809264 0.792872 0.016349 0.007231
1 0.072888 0.783574 0.006812 0.007231
1 0.757493 0.778926 0.038147 0.004132
1 0.703678 0.778926 0.036785 0.004132
1 0.420300 0.778926 0.036785 0.004132
1 0.366485 0.778926 0.038147 0.004132
1 0.294959 0.778926 0.036785 0.004132
1 0.494550 0.800620 0.852861 0.047521
1 0.080381 0.704029 0.005450 0.007231
1 0.072888 0.704029 0.006812 0.007231
1 0.819482 0.700413 0.044959 0.004132
1 0.755450 0.700413 0.044959 0.004132
1 0.271117 0.700413 0.046322 0.004132
1 0.494550 0.720041 0.852861 0.051653
1 0.880109 0.638946 0.010899 0.007231
1 0.858992 0.638946 0.012262 0.007231
1 0.773161 0.638946 0.012262 0.007231
1 0.750681 0.638946 0.010899 0.007231
1 0.729564 0.638946 0.012262 0.007231
1 0.519755 0.638946 0.012262 0.007231
1 0.497956 0.638946 0.012262 0.007231
1 0.475477 0.638946 0.010899 0.007231
1 0.454360 0.638946 0.012262 0.007231
1 0.431880 0.638946 0.010899 0.007231
1 0.410082 0.638946 0.010899 0.007231
1 0.307221 0.638946 0.012262 0.007231
1 0.285422 0.638946 0.012262 0.007231
1 0.264305 0.638946 0.010899 0.007231
1 0.177793 0.638946 0.012262 0.007231
1 0.155995 0.638946 0.012262 0.007231
1 0.134877 0.638946 0.010899 0.007231
1 0.885559 0.631198 0.043597 0.022727
1 0.547003 0.631198 0.044959 0.022727
1 0.494550 0.641529 0.852861 0.051653
1 0.155995 0.601756 0.009537 0.007231
2 0.858992 0.572314 0.012262 0.008264
2 0.585831 0.572314 0.010899 0.008264
2 0.179155 0.572314 0.012262 0.008264
2 0.880109 0.559917 0.010899 0.006198
2 0.858992 0.560434 0.012262 0.007231
2 0.837193 0.559917 0.012262 0.006198
2 0.816076 0.559917 0.010899 0.006198
2 0.664169 0.560434 0.012262 0.007231
2 0.628065 0.559917 0.010899 0.006198
2 0.606267 0.559917 0.010899 0.006198
2 0.585150 0.560434 0.012262 0.007231
2 0.564033 0.560434 0.010899 0.007231
2 0.411444 0.559917 0.010899 0.006198
2 0.390327 0.560434 0.012262 0.007231
2 0.354223 0.559917 0.010899 0.006198
2 0.332425 0.559917 0.010899 0.006198
2 0.222752 0.560434 0.012262 0.007231
2 0.200272 0.559917 0.010899 0.006198
2 0.685286 0.559401 0.010899 0.007231
2 0.433243 0.559401 0.010899 0.007231
2 0.179155 0.559917 0.012262 0.008264
2 0.884877 0.552169 0.044959 0.021694
2 0.690054 0.552169 0.044959 0.021694
2 0.332425 0.558884 0.054496 0.035124
2 0.495232 0.562500 0.851499 0.052686
2 0.837193 0.523244 0.009537 0.007231
2 0.433924 0.523244 0.009537 0.007231
2 0.288147 0.523244 0.009537 0.007231
2 0.672343 0.483471 0.012262 0.008264
2 0.617847 0.483471 0.012262 0.008264
2 0.493869 0.483471 0.012262 0.008264
2 0.164169 0.483471 0.012262 0.008264
2 0.164169 0.471591 0.012262 0.007231
2 0.129428 0.471074 0.010899 0.006198
2 0.283379 0.470558 0.010899 0.007231
2 0.231608 0.470558 0.010899 0.007231
2 0.198229 0.471074 0.012262 0.008264
2 0.547684 0.476240 0.010899 0.022727
2 0.423706 0.476240 0.010899 0.022727
2 0.367166 0.476240 0.012262 0.022727
2 0.338556 0.467975 0.014986 0.006198
2 0.282698 0.470041 0.044959 0.035124
2 0.185286 0.463326 0.035422 0.021694
2 0.495232 0.476240 0.851499 0.047521
2 0.232289 0.434401 0.009537 0.007231
2 0.214578 0.434401 0.009537 0.007231
2 0.198229 0.434401 0.009537 0.007231
2 0.180518 0.434401 0.009537 0.007231
2 0.164169 0.434401 0.009537 0.007231
2 0.146458 0.434401 0.009537 0.007231
2 0.130109 0.434401 0.009537 0.007231
2 0.669619 0.417355 0.012262 0.008264
2 0.570845 0.417355 0.010899 0.008264
2 0.401226 0.417355 0.012262 0.008264
2 0.132834 0.417355 0.012262 0.008264
2 0.084469 0.408574 0.005450 0.013430
2 0.077657 0.408574 0.005450 0.013430
2 0.092643 0.408058 0.005450 0.026860
2 0.838556 0.392562 0.012262 0.006198
2 0.796322 0.392562 0.012262 0.006198
2 0.754087 0.392562 0.012262 0.006198
2 0.570163 0.393079 0.012262 0.007231
2 0.527929 0.392562 0.012262 0.006198
2 0.485695 0.392562 0.012262 0.006198
2 0.443460 0.392562 0.012262 0.006198
2 0.259537 0.392562 0.012262 0.006198
2 0.217302 0.392562 0.012262 0.006198
2 0.175068 0.392562 0.012262 0.006198
2 0.880790 0.392045 0.012262 0.007231
2 0.711172 0.392045 0.010899 0.007231
2 0.669619 0.392562 0.012262 0.008264
2 0.633515 0.392045 0.010899 0.007231
2 0.612398 0.392045 0.012262 0.007231
2 0.401226 0.392562 0.012262 0.008264
2 0.365123 0.392045 0.010899 0.007231
2 0.301771 0.392045 0.012262 0.007231
2 0.132834 0.392562 0.012262 0.008264
2 0.880790 0.391012 0.053134 0.034091
2 0.822888 0.384814 0.043597 0.021694
2 0.754087 0.391012 0.053134 0.034091
2 0.694823 0.384814 0.043597 0.021694
2 0.612398 0.391012 0.053134 0.034091
2 0.554496 0.384814 0.043597 0.021694
2 0.485695 0.397727 0.053134 0.047521
2 0.426431 0.384814 0.043597 0.021694
2 0.344005 0.391012 0.053134 0.034091
2 0.286104 0.384814 0.043597 0.021694
2 0.217302 0.391012 0.053134 0.034091
2 0.158719 0.384814 0.044959 0.021694
2 0.732289 0.356921 0.009537 0.005165
2 0.464578 0.356921 0.010899 0.005165
2 0.420300 0.356921 0.006812 0.005165
2 0.153270 0.356921 0.009537 0.005165
2 0.816757 0.355372 0.009537 0.006198
2 0.796322 0.355888 0.009537 0.007231
2 0.775204 0.355888 0.010899 0.007231
2 0.754087 0.355888 0.009537 0.007231
2 0.711853 0.355888 0.009537 0.007231
2 0.690054 0.355888 0.009537 0.007231
2 0.549046 0.355372 0.010899 0.006198
2 0.527929 0.355888 0.009537 0.007231
2 0.506131 0.355888 0.009537 0.007231
2 0.485695 0.355888 0.009537 0.007231
2 0.443460 0.355888 0.009537 0.007231
2 0.281335 0.355372 0.009537 0.006198
2 0.259537 0.355888 0.009537 0.007231
2 0.217302 0.355888 0.009537 0.007231
2 0.195504 0.355888 0.009537 0.007231
2 0.175068 0.355888 0.009537 0.007231
2 0.213215 0.325930 0.012262 0.007231
2 0.084469 0.329029 0.005450 0.013430
2 0.077657 0.329029 0.005450 0.013430
2 0.708447 0.318182 0.425068 0.047521
2 0.282016 0.311983 0.425068 0.035124
2 0.072207 0.222624 0.005450 0.007231
2 0.819482 0.217975 0.044959 0.004132
2 0.754087 0.217975 0.044959 0.004132
2 0.689373 0.217975 0.046322 0.004132
2 0.609673 0.217975 0.044959 0.004132
2 0.545640 0.217975 0.044959 0.004132
2 0.480245 0.217975 0.044959 0.004132
2 0.414850 0.217975 0.044959 0.004132
2 0.335831 0.217975 0.044959 0.004132
2 0.494550 0.239669 0.852861 0.047521
2 0.264986 0.197831 0.009537 0.007231
2 0.243188 0.198347 0.009537 0.008264
2 0.221390 0.197831 0.009537 0.007231
2 0.199591 0.197831 0.009537 0.007231
2 0.177793 0.197831 0.009537 0.007231
2 0.155995 0.197831 0.009537 0.007231
2 0.134196 0.197831 0.009537 0.007231
2 0.515668 0.161157 0.810627 0.047521
2 0.204360 0.127066 0.010899 0.010331
2 0.192779 0.127066 0.009537 0.010331
2 0.181199 0.127066 0.010899 0.010331
2 0.143733 0.126033 0.014986 0.016529
2 0.474114 0.099174 0.013624 0.010331
2 0.487738 0.097107 0.008174 0.014463
2 0.525886 0.096074 0.016349 0.014463
2 0.500681 0.096074 0.014986 0.014463
2 0.457084 0.096591 0.017711 0.015496
2 0.525886 0.067149 0.010899 0.012397
2 0.581744 0.066632 0.013624 0.013430
2 0.561989 0.066632 0.020436 0.013430
2 0.540872 0.067149 0.016349 0.014463
2 0.500000 0.067149 0.016349 0.014463
2 0.458447 0.066632 0.020436 0.013430
2 0.438011 0.067149 0.017711 0.014463
2 0.413488 0.063533 0.025886 0.019628
2 0.514305 0.063017 0.009537 0.020661
2 0.480926 0.063533 0.019074 0.021694