0 0.831514 0.899897 0.012278 0.008256
0 0.603001 0.899897 0.010914 0.008256
0 0.182128 0.899897 0.012278 0.008256
0 0.681446 0.886997 0.012278 0.007224
0 0.464529 0.886997 0.012278 0.007224
0 0.373124 0.886997 0.012278 0.007224
0 0.261255 0.886997 0.012278 0.007224
0 0.085948 0.890093 0.005457 0.013416
0 0.079127 0.890093 0.005457 0.013416
1 0.831514 0.875129 0.012278 0.008256
1 0.274898 0.874613 0.012278 0.007224
1 0.232606 0.874613 0.012278 0.007224
1 0.182128 0.874613 0.012278 0.007224
1 0.137108 0.874613 0.012278 0.007224
1 0.072988 0.862229 0.006821 0.007224
1 0.845839 0.866873 0.021828 0.022704
1 0.755116 0.879773 0.031378 0.048504
1 0.124829 0.879773 0.034106 0.048504
1 0.888131 0.871517 0.043656 0.038184
1 0.802183 0.871517 0.043656 0.038184
1 0.516371 0.878225 0.427012 0.051600
1 0.279673 0.865325 0.030014 0.025800
1 0.228513 0.878225 0.047749 0.051600
1 0.177353 0.871517 0.049113 0.038184
1 0.709413 0.835397 0.010914 0.007224
1 0.804911 0.796182 0.010914 0.007224
1 0.663711 0.796182 0.012278 0.007224
1 0.650750 0.796182 0.010914 0.007224
1 0.602319 0.796182 0.012278 0.007224
1 0.538199 0.796182 0.012278 0.007224
1 0.502046 0.796182 0.010914 0.007224
1 0.488404 0.796182 0.010914 0.007224
1 0.354707 0.796182 0.010914 0.007224
1 0.341064 0.796182 0.010914 0.007224
1 0.279673 0.796182 0.010914 0.007224
1 0.266030 0.796182 0.010914 0.007224
1 0.181446 0.796182 0.010914 0.007224
1 0.318554 0.792570 0.015007 0.006192
1 0.662347 0.780186 0.015007 0.004128
1 0.500000 0.780186 0.015007 0.004128
1 0.553206 0.788442 0.023192 0.022704
1 0.806276 0.786894 0.035471 0.025800
1 0.646658 0.786894 0.046385 0.025800
1 0.390859 0.786894 0.036835 0.025800
1 0.496589 0.799278 0.854025 0.050568
1 0.341064 0.777090 0.038199 0.010320
1 0.703274 0.755934 0.009550 0.007224
1 0.280355 0.755934 0.009550 0.007224
1 0.770123 0.741486 0.012278 0.007224
1 0.729195 0.741486 0.012278 0.007224
1 0.314461 0.741486 0.012278 0.007224
1 0.081855 0.703818 0.005457 0.006192
1 0.330150 0.699690 0.024557 0.004128
1 0.753752 0.698658 0.042292 0.008256
1 0.496589 0.719814 0.854025 0.050568
1 0.888813 0.676471 0.009550 0.007224
1 0.493179 0.676987 0.009550 0.008256
1 0.721010 0.675439 0.006821 0.009288
1 0.862892 0.659443 0.012278 0.008256
1 0.798090 0.659443 0.010914 0.008256
1 0.623465 0.659443 0.010914 0.008256
1 0.328786 0.659443 0.010914 0.008256
1 0.134379 0.659443 0.012278 0.008256
1 0.877217 0.646543 0.010914 0.007224
1 0.577763 0.646543 0.012278 0.007224
1 0.474079 0.646543 0.012278 0.007224
1 0.373124 0.646543 0.012278 0.007224
1 0.260573 0.646543 0.010914 0.007224
1 0.085948 0.649639 0.005457 0.013416
1 0.079127 0.649639 0.005457 0.013416
1 0.094134 0.650155 0.005457 0.026832
1 0.328104 0.635191 0.012278 0.007224
1 0.876535 0.634675 0.012278 0.008256
1 0.812415 0.634159 0.012278 0.007224
1 0.798772 0.634675 0.012278 0.008256
1 0.753752 0.634159 0.012278 0.007224
1 0.643247 0.634159 0.012278 0.007224
1 0.616644 0.634159 0.024557 0.007224
1 0.577763 0.634675 0.012278 0.008256
1 0.557299 0.634159 0.012278 0.007224
1 0.487722 0.634159 0.012278 0.007224
1 0.474079 0.634675 0.012278 0.008256
1 0.423602 0.634159 0.012278 0.007224
1 0.373124 0.634159 0.012278 0.007224
1 0.286494 0.634159 0.024557 0.007224
1 0.259891 0.634675 0.012278 0.008256
1 0.134379 0.634675 0.012278 0.008256
1 0.742838 0.639319 0.034106 0.048504
1 0.637790 0.617131 0.020464 0.004128
1 0.547067 0.639319 0.032742 0.048504
1 0.344475 0.626419 0.023192 0.022704
1 0.229877 0.639319 0.031378 0.048504
1 0.148704 0.626419 0.021828 0.022704
1 0.895634 0.624871 0.028649 0.025800
1 0.844475 0.624871 0.049113 0.025800
1 0.793997 0.631063 0.049113 0.038184
1 0.679400 0.631063 0.043656 0.038184
1 0.598226 0.624871 0.034106 0.025800
1 0.492497 0.624871 0.030014 0.025800
1 0.446112 0.637771 0.038199 0.051600
1 0.395634 0.637771 0.038199 0.051600
1 0.281719 0.614035 0.034106 0.004128
1 0.190314 0.631063 0.045020 0.038184
1 0.501364 0.594943 0.009550 0.007224
1 0.757162 0.555728 0.010914 0.007224
1 0.686221 0.555728 0.010914 0.007224
1 0.646658 0.555728 0.010914 0.007224
1 0.582538 0.555728 0.010914 0.007224
1 0.542974 0.555728 0.010914 0.007224
1 0.506139 0.555728 0.010914 0.007224
1 0.463847 0.555728 0.010914 0.007224
1 0.396999 0.555728 0.010914 0.007224
1 0.343793 0.555728 0.010914 0.007224
1 0.272851 0.555728 0.010914 0.007224
1 0.230559 0.555728 0.010914 0.007224
1 0.209413 0.555728 0.012278 0.007224
1 0.196453 0.555728 0.010914 0.007224
1 0.135061 0.555728 0.010914 0.007224
1 0.817872 0.552632 0.015007 0.007224
1 0.769441 0.539732 0.016371 0.004128
1 0.556617 0.547988 0.021828 0.022704
1 0.602319 0.546440 0.034106 0.025800
1 0.444748 0.546440 0.049113 0.025800
1 0.396317 0.546440 0.039563 0.025800
1 0.184175 0.546440 0.035471 0.025800
1 0.496589 0.558824 0.854025 0.050568
1 0.903820 0.516512 0.009550 0.005160
1 0.506821 0.516512 0.009550 0.005160
1 0.864939 0.501032 0.010914 0.007224
1 0.738063 0.501032 0.010914 0.007224
1 0.459072 0.501032 0.012278 0.007224
1 0.332196 0.501032 0.012278 0.007224
1 0.212824 0.501032 0.010914 0.007224
2 0.753752 0.459236 0.023192 0.004128
2 0.347203 0.459236 0.023192 0.004128
2 0.446112 0.458204 0.035471 0.008256
2 0.283083 0.458204 0.036835 0.008256
2 0.235334 0.458204 0.036835 0.008256
2 0.496589 0.479360 0.854025 0.050568
2 0.501364 0.436533 0.006821 0.008256
2 0.085948 0.413313 0.005457 0.013416
2 0.079127 0.413313 0.005457 0.013416
2 0.872442 0.412797 0.012278 0.014448
2 0.782401 0.409701 0.012278 0.008256
2 0.657572 0.409701 0.010914 0.008256
2 0.463165 0.409701 0.012278 0.008256
2 0.359482 0.409701 0.012278 0.008256
2 0.156207 0.409701 0.012278 0.008256
2 0.751023 0.397317 0.012278 0.006192
2 0.656889 0.397833 0.012278 0.007224
2 0.635744 0.397317 0.010914 0.006192
2 0.527285 0.397833 0.012278 0.007224
2 0.491132 0.397317 0.010914 0.006192
2 0.410641 0.397317 0.010914 0.006192
2 0.359482 0.397833 0.012278 0.007224
2 0.336289 0.397317 0.012278 0.006192
2 0.202592 0.397833 0.012278 0.007224
2 0.176671 0.397317 0.012278 0.006192
2 0.888131 0.396801 0.010914 0.007224
2 0.798090 0.396801 0.010914 0.007224
2 0.782401 0.397317 0.012278 0.008256
2 0.726467 0.397317 0.012278 0.008256
2 0.690314 0.396801 0.010914 0.007224
2 0.603001 0.396801 0.010914 0.007224
2 0.463165 0.397317 0.012278 0.008256
2 0.433834 0.396801 0.010914 0.007224
2 0.382674 0.397317 0.012278 0.008256
2 0.278308 0.396801 0.010914 0.007224
2 0.156207 0.397317 0.012278 0.008256
2 0.851978 0.405573 0.020464 0.028896
2 0.079809 0.384417 0.006821 0.007224
2 0.884720 0.381837 0.017735 0.004128
2 0.794679 0.381837 0.017735 0.004128
2 0.542974 0.389577 0.021828 0.021672
2 0.218281 0.389577 0.021828 0.021672
2 0.892224 0.388029 0.032742 0.024768
2 0.710778 0.400929 0.425648 0.050568
2 0.678718 0.388029 0.034106 0.024768
2 0.585948 0.394737 0.045020 0.038184
2 0.482265 0.388029 0.031378 0.024768
2 0.283765 0.400929 0.425648 0.050568
2 0.382674 0.388029 0.039563 0.024768
2 0.261255 0.394737 0.045020 0.038184
2 0.177353 0.388029 0.035471 0.024768
2 0.902456 0.356037 0.009550 0.004128
2 0.491814 0.357585 0.009550 0.007224
2 0.073670 0.303922 0.005457 0.005160
2 0.742156 0.301342 0.024557 0.004128
2 0.496589 0.321465 0.854025 0.050568
2 0.905184 0.278122 0.009550 0.007224
2 0.491814 0.278122 0.009550 0.007224
2 0.769441 0.264190 0.010914 0.008256
2 0.728513 0.264190 0.010914 0.008256
2 0.314461 0.264190 0.012278 0.008256
2 0.857435 0.251290 0.012278 0.007224
2 0.659618 0.251290 0.012278 0.007224
2 0.570941 0.251290 0.012278 0.007224
2 0.465211 0.251290 0.010914 0.007224
2 0.360846 0.251290 0.012278 0.007224
2 0.244884 0.251290 0.012278 0.007224
2 0.156207 0.251290 0.012278 0.007224
2 0.085948 0.254386 0.005457 0.013416
2 0.079127 0.254386 0.005457 0.013416
2 0.680082 0.239422 0.012278 0.006192
2 0.591405 0.239422 0.012278 0.006192
2 0.464529 0.239422 0.012278 0.006192
2 0.888813 0.238906 0.012278 0.007224
2 0.857435 0.239422 0.012278 0.008256
2 0.801501 0.238906 0.012278 0.007224
2 0.753752 0.238906 0.012278 0.007224
2 0.729195 0.239422 0.012278 0.008256
2 0.659618 0.239422 0.012278 0.008256
2 0.570941 0.239422 0.012278 0.008256
2 0.435880 0.238906 0.012278 0.007224
2 0.412688 0.238906 0.012278 0.007224
2 0.360846 0.239422 0.012278 0.008256
2 0.337653 0.238906 0.012278 0.007224
2 0.314461 0.239422 0.012278 0.008256
2 0.278990 0.238906 0.012278 0.007224
2 0.244884 0.238906 0.012278 0.007224
2 0.156207 0.238906 0.012278 0.007224
2 0.817190 0.245098 0.016371 0.046440
2 0.627558 0.244066 0.032742 0.048504
2 0.538881 0.244066 0.032742 0.048504
2 0.330150 0.221878 0.024557 0.004128
2 0.206685 0.244066 0.045020 0.048504
2 0.124147 0.244066 0.032742 0.048504
2 0.877217 0.229618 0.032742 0.025800
2 0.792633 0.235810 0.027285 0.038184
2 0.753752 0.218782 0.042292 0.004128
2 0.680764 0.229618 0.035471 0.025800
2 0.592087 0.229618 0.035471 0.025800
2 0.484311 0.229618 0.030014 0.025800
2 0.435880 0.242518 0.039563 0.051600
2 0.384038 0.242518 0.039563 0.051600
2 0.266030 0.229618 0.035471 0.025800
2 0.177353 0.229618 0.035471 0.025800
2 0.888813 0.199690 0.009550 0.007224
2 0.493179 0.199690 0.009550 0.007224
2 0.879945 0.160475 0.010914 0.007224
2 0.808322 0.160475 0.012278 0.007224
2 0.788540 0.160475 0.010914 0.007224
2 0.768076 0.160475 0.010914 0.007224
2 0.699864 0.160475 0.010914 0.007224
2 0.569577 0.160475 0.012278 0.007224
2 0.533424 0.160475 0.010914 0.007224
2 0.508868 0.160475 0.010914 0.007224
2 0.437244 0.160475 0.012278 0.007224
2 0.417462 0.160475 0.010914 0.007224
2 0.328786 0.160475 0.010914 0.007224
2 0.198499 0.160475 0.012278 0.007224
2 0.582538 0.152735 0.019100 0.022704
2 0.211460 0.152735 0.019100 0.022704
2 0.187585 0.145511 0.009550 0.010320
2 0.176671 0.145511 0.009550 0.010320
2 0.896999 0.151187 0.025921 0.025800
2 0.849932 0.151187 0.043656 0.025800
2 0.809686 0.151187 0.034106 0.025800
2 0.525921 0.151187 0.025921 0.025800
2 0.478854 0.151187 0.043656 0.025800
2 0.438608 0.151187 0.034106 0.025800
2 0.517735 0.163571 0.811733 0.050568
2 0.141883 0.144479 0.008186 0.016512
2 0.534106 0.120227 0.009550 0.007224
2 0.920191 0.114035 0.006821 0.005160
2 0.905184 0.117131 0.009550 0.013416
2 0.896999 0.113519 0.006821 0.006192
2 0.860164 0.113519 0.012278 0.006192
2 0.839018 0.113519 0.005457 0.006192
2 0.888131 0.111971 0.008186 0.009288
2 0.878581 0.110939 0.008186 0.007224
2 0.832196 0.111455 0.005457 0.008256
2 0.826739 0.111971 0.005457 0.009288
2 0.549795 0.099587 0.013643 0.009288
2 0.519782 0.099587 0.010914 0.009288
2 0.506139 0.099587 0.010914 0.009288
2 0.460437 0.099587 0.012278 0.009288
2 0.566166 0.097007 0.013643 0.014448
2 0.533424 0.097007 0.013643 0.014448
2 0.487722 0.097007 0.025921 0.014448
2 0.445430 0.097007 0.015007 0.014448
2 0.428377 0.097007 0.016371 0.014448
2 0.542292 0.068111 0.009550 0.012384
2 0.434516 0.068111 0.020464 0.012384
2 0.590041 0.068111 0.015007 0.014448
2 0.564120 0.067595 0.031378 0.013416
2 0.479536 0.068111 0.015007 0.014448
2 0.452933 0.065531 0.013643 0.019608
2 0.523192 0.064499 0.023192 0.019608
2 0.497271 0.063983 0.015007 0.020640
2 0.408595 0.064499 0.025921 0.021672