0 0.338493 0.902692 0.009421 0.014493
1 0.858008 0.878882 0.009421 0.006211
1 0.804172 0.878882 0.009421 0.006211
1 0.721400 0.878882 0.010767 0.006211
1 0.615747 0.876812 0.009421 0.006211
1 0.490579 0.890269 0.841184 0.039337
1 0.785330 0.868530 0.009421 0.006211
1 0.749664 0.868530 0.010767 0.006211
1 0.506057 0.868530 0.010767 0.006211
1 0.338493 0.868530 0.009421 0.006211
1 0.237550 0.868530 0.009421 0.006211
1 0.201884 0.868530 0.010767 0.006211
1 0.886272 0.868012 0.009421 0.007246
1 0.858008 0.868012 0.009421 0.007246
1 0.721400 0.868012 0.010767 0.007246
1 0.477120 0.868012 0.009421 0.007246
1 0.411171 0.868012 0.009421 0.007246
1 0.273890 0.868012 0.009421 0.007246
1 0.136608 0.868012 0.009421 0.007246
1 0.107672 0.865424 0.013459 0.006211
1 0.080081 0.857143 0.006729 0.006211
1 0.667564 0.860766 0.013459 0.015528
1 0.565276 0.867495 0.148048 0.028986
1 0.072678 0.856625 0.005384 0.007246
1 0.876178 0.853002 0.029610 0.004141
1 0.325034 0.866460 0.039031 0.031056
1 0.807537 0.860248 0.037685 0.022774
1 0.748991 0.864907 0.049798 0.032091
1 0.259758 0.865424 0.037685 0.033126
1 0.197174 0.865424 0.057873 0.033126
1 0.432032 0.864907 0.115747 0.034161
1 0.126514 0.849896 0.029610 0.004141
1 0.537685 0.854037 0.055182 0.014493
1 0.639973 0.831781 0.009421 0.015528
1 0.450202 0.831781 0.009421 0.015528
1 0.263122 0.831781 0.009421 0.015528
1 0.792732 0.797619 0.010767 0.005176
1 0.640646 0.797619 0.010767 0.005176
1 0.504711 0.797619 0.010767 0.005176
1 0.818977 0.797619 0.009421 0.007246
1 0.740242 0.797619 0.010767 0.007246
1 0.692463 0.797101 0.009421 0.006211
1 0.671602 0.797101 0.010767 0.006211
1 0.620458 0.797619 0.010767 0.007246
1 0.569987 0.797101 0.009421 0.006211
1 0.549798 0.797619 0.009421 0.007246
1 0.529610 0.797619 0.009421 0.007246
1 0.450875 0.797101 0.010767 0.006211
1 0.430686 0.797619 0.010767 0.007246
1 0.380215 0.797101 0.009421 0.006211
1 0.360700 0.797619 0.010767 0.007246
1 0.340511 0.797619 0.010767 0.007246
1 0.314939 0.797101 0.010767 0.006211
1 0.294751 0.797101 0.010767 0.006211
1 0.263795 0.797101 0.010767 0.006211
1 0.243607 0.797619 0.010767 0.007246
1 0.193136 0.797101 0.009421 0.006211
1 0.172948 0.797101 0.009421 0.006211
1 0.153432 0.797619 0.010767 0.007246
1 0.127860 0.797101 0.010767 0.006211
1 0.484522 0.794513 0.013459 0.005176
1 0.107672 0.793996 0.013459 0.006211
1 0.080754 0.785197 0.005384 0.007246
1 0.833782 0.790373 0.022880 0.019669
1 0.490579 0.808489 0.841184 0.062112
1 0.586810 0.788820 0.026918 0.022774
1 0.397039 0.788820 0.026918 0.022774
1 0.209960 0.788820 0.026918 0.022774
1 0.521534 0.778986 0.065949 0.005176
1 0.144684 0.778986 0.065949 0.005176
1 0.839838 0.773810 0.010767 0.005176
1 0.516824 0.764493 0.034993 0.007246
1 0.318304 0.764493 0.036339 0.007246
1 0.228129 0.764493 0.014805 0.007246
1 0.120458 0.764493 0.036339 0.007246
1 0.796097 0.748965 0.009421 0.007246
1 0.737550 0.748965 0.010767 0.007246
1 0.701211 0.748965 0.010767 0.007246
1 0.668910 0.756729 0.010767 0.022774
1 0.627860 0.756729 0.022880 0.022774
1 0.572678 0.748965 0.009421 0.007246
1 0.538358 0.748965 0.010767 0.007246
1 0.503365 0.748965 0.010767 0.007246
1 0.471063 0.756729 0.010767 0.022774
1 0.436743 0.748965 0.009421 0.007246
1 0.425976 0.756729 0.014805 0.022774
1 0.374832 0.754658 0.009421 0.018634
1 0.339838 0.748965 0.009421 0.007246
1 0.305518 0.748965 0.010767 0.007246
1 0.273217 0.756729 0.010767 0.022774
1 0.238223 0.748965 0.010767 0.007246
1 0.225437 0.748965 0.009421 0.007246
1 0.176985 0.754658 0.009421 0.018634
1 0.141992 0.748965 0.009421 0.007246
1 0.107672 0.748965 0.010767 0.007246
1 0.866756 0.734990 0.010767 0.006211
1 0.852624 0.734990 0.009421 0.006211
1 0.796770 0.726708 0.010767 0.006211
1 0.752355 0.726708 0.010767 0.006211
1 0.724092 0.726708 0.010767 0.006211
1 0.648721 0.726708 0.010767 0.006211
1 0.621803 0.726708 0.010767 0.006211
1 0.397039 0.726708 0.010767 0.006211
1 0.375505 0.726708 0.010767 0.006211
1 0.353970 0.726708 0.010767 0.006211
1 0.327052 0.726708 0.010767 0.006211
1 0.225437 0.726708 0.009421 0.006211
1 0.199192 0.726708 0.010767 0.006211
1 0.177658 0.726708 0.010767 0.006211
1 0.156124 0.726708 0.010767 0.006211
1 0.129206 0.726708 0.010767 0.006211
1 0.107672 0.723602 0.013459 0.006211
1 0.080081 0.714803 0.006729 0.007246
1 0.662853 0.719979 0.022880 0.019669
1 0.547779 0.719979 0.113055 0.019669
1 0.339838 0.719979 0.079408 0.019669
1 0.490579 0.740166 0.841184 0.060041
1 0.146703 0.708075 0.069987 0.004141
1 0.162180 0.698240 0.006729 0.005176
1 0.154105 0.698240 0.006729 0.005176
1 0.146030 0.699275 0.006729 0.007246
1 0.136608 0.696687 0.009421 0.008282
1 0.121131 0.696687 0.010767 0.008282
1 0.109017 0.696687 0.010767 0.008282
1 0.888964 0.650104 0.020188 0.008282
1 0.855989 0.642857 0.024226 0.004141
1 0.080754 0.643892 0.005384 0.006211
1 0.648721 0.640787 0.018843 0.004141
1 0.374159 0.640787 0.053836 0.004141
1 0.321669 0.640787 0.018843 0.004141
1 0.240915 0.640787 0.018843 0.004141
1 0.162180 0.640787 0.020188 0.004141
1 0.275908 0.638716 0.008075 0.006211
1 0.623822 0.633540 0.012113 0.004141
1 0.490579 0.662526 0.841184 0.070393
1 0.308883 0.623188 0.006729 0.006211
1 0.848587 0.585921 0.009421 0.006211
1 0.598250 0.585921 0.009421 0.006211
1 0.489233 0.585921 0.009421 0.006211
1 0.187079 0.585921 0.010767 0.006211
1 0.870121 0.585404 0.009421 0.007246
1 0.803499 0.585404 0.010767 0.007246
1 0.781292 0.585404 0.009421 0.007246
1 0.730148 0.585404 0.009421 0.007246
1 0.673620 0.585404 0.009421 0.007246
1 0.574024 0.585404 0.009421 0.007246
1 0.545760 0.584886 0.009421 0.006211
1 0.522207 0.585404 0.010767 0.007246
1 0.466353 0.585404 0.009421 0.007246
1 0.162853 0.585404 0.010767 0.007246
1 0.108345 0.585404 0.009421 0.007246
1 0.073351 0.573499 0.006729 0.006211
1 0.131898 0.576605 0.040377 0.022774
1 0.752355 0.572464 0.037685 0.031056
1 0.490579 0.583851 0.841184 0.053830
1 0.212651 0.554865 0.008075 0.006211
1 0.379542 0.551242 0.005384 0.005176
1 0.372813 0.551242 0.005384 0.005176
1 0.261777 0.550725 0.006729 0.006211
1 0.848587 0.550207 0.014805 0.007246
1 0.741588 0.550207 0.034993 0.007246
1 0.226783 0.550207 0.014805 0.007246
1 0.349933 0.549689 0.005384 0.008282
1 0.336474 0.549689 0.010767 0.008282
1 0.324361 0.549689 0.010767 0.008282
1 0.893001 0.546584 0.009421 0.014493
2 0.251682 0.523292 0.010767 0.007246
2 0.156124 0.523292 0.010767 0.007246
2 0.528937 0.509317 0.013459 0.006211
2 0.307537 0.509317 0.012113 0.006211
2 0.107672 0.509317 0.013459 0.006211
2 0.073351 0.500518 0.006729 0.007246
2 0.761777 0.502070 0.080754 0.020704
2 0.146703 0.493789 0.069987 0.004141
2 0.490579 0.520704 0.841184 0.066253
2 0.739569 0.442029 0.009421 0.006211
2 0.647376 0.441511 0.008075 0.005176
2 0.557873 0.442029 0.009421 0.006211
2 0.526245 0.441511 0.008075 0.005176
2 0.495289 0.441511 0.008075 0.005176
2 0.170256 0.442029 0.009421 0.006211
2 0.713324 0.441511 0.010767 0.007246
2 0.470390 0.441511 0.009421 0.007246
2 0.195828 0.441511 0.009421 0.007246
2 0.620458 0.438406 0.013459 0.005176
2 0.390310 0.438406 0.013459 0.005176
2 0.107672 0.438406 0.013459 0.005176
2 0.079408 0.429607 0.005384 0.006211
2 0.574024 0.434783 0.025572 0.020704
2 0.490579 0.452381 0.841184 0.064182
2 0.156124 0.432712 0.088829 0.024845
2 0.377524 0.406832 0.009421 0.004141
2 0.319650 0.387164 0.009421 0.006211
2 0.644684 0.381988 0.010767 0.006211
2 0.453567 0.381988 0.010767 0.006211
2 0.222073 0.381988 0.010767 0.006211
2 0.106999 0.381470 0.006729 0.005176
2 0.083445 0.384576 0.005384 0.011387
2 0.076716 0.384576 0.005384 0.011387
2 0.835801 0.381470 0.010767 0.007246
2 0.399731 0.381470 0.010767 0.007246
2 0.236205 0.381470 0.009421 0.007246
2 0.194482 0.381470 0.009421 0.007246
2 0.304845 0.379400 0.009421 0.005176
2 0.701211 0.392857 0.419919 0.040373
2 0.277927 0.376294 0.009421 0.007246
2 0.263795 0.376294 0.010767 0.007246
2 0.111709 0.372153 0.005384 0.007246
2 0.894347 0.371118 0.009421 0.007246
2 0.847914 0.370600 0.010767 0.006211
2 0.822342 0.370600 0.010767 0.006211
2 0.801480 0.370600 0.009421 0.006211
2 0.734859 0.370600 0.010767 0.006211
2 0.703903 0.371118 0.010767 0.007246
2 0.631225 0.370600 0.010767 0.006211
2 0.610363 0.370600 0.009421 0.006211
2 0.543742 0.370600 0.010767 0.006211
2 0.512113 0.370600 0.009421 0.006211
2 0.440108 0.370600 0.010767 0.006211
2 0.419246 0.370600 0.009421 0.006211
2 0.399058 0.371118 0.009421 0.007246
2 0.352624 0.368012 0.013459 0.005176
2 0.171602 0.367495 0.014805 0.006211
2 0.246299 0.368530 0.043069 0.022774
2 0.302826 0.368530 0.043069 0.026915
2 0.884253 0.369565 0.029610 0.031056
2 0.772544 0.369565 0.067295 0.031056
2 0.693136 0.369565 0.029610 0.031056
2 0.581427 0.369565 0.067295 0.031056
2 0.502019 0.369565 0.029610 0.031056
2 0.648721 0.362319 0.026918 0.022774
2 0.457604 0.362319 0.026918 0.022774
2 0.390983 0.361801 0.068641 0.023810
2 0.194482 0.367495 0.039031 0.035197
2 0.279946 0.381470 0.419919 0.063147
2 0.323688 0.337992 0.036339 0.007246
2 0.121131 0.337992 0.037685 0.007246
2 0.893001 0.330228 0.009421 0.022774
2 0.857335 0.322464 0.010767 0.007246
2 0.835128 0.330228 0.036339 0.022774
2 0.799462 0.330228 0.010767 0.022774
2 0.763795 0.322464 0.009421 0.007246
2 0.753028 0.330228 0.014805 0.022774
2 0.654778 0.322464 0.009421 0.007246
2 0.633244 0.330228 0.036339 0.022774
2 0.598923 0.322464 0.010767 0.007246
2 0.528264 0.322464 0.009421 0.007246
2 0.480485 0.322464 0.010767 0.007246
2 0.444145 0.322464 0.010767 0.007246
2 0.430686 0.322464 0.010767 0.007246
2 0.381561 0.322464 0.009421 0.007246
2 0.345222 0.322464 0.009421 0.007246
2 0.310229 0.322464 0.009421 0.007246
2 0.277254 0.330228 0.010767 0.022774
2 0.234859 0.330228 0.022880 0.022774
2 0.178331 0.322464 0.009421 0.007246
2 0.143338 0.322464 0.009421 0.007246
2 0.107672 0.322464 0.010767 0.007246
2 0.107672 0.297101 0.013459 0.006211
2 0.079408 0.288820 0.005384 0.006211
2 0.586137 0.289855 0.033647 0.020704
2 0.701211 0.302795 0.419919 0.046584
2 0.279946 0.302795 0.419919 0.046584
2 0.154105 0.271739 0.006729 0.005176
2 0.136608 0.270186 0.009421 0.008282
2 0.121131 0.270186 0.010767 0.008282
2 0.109017 0.270186 0.010767 0.008282
2 0.871467 0.240166 0.006729 0.004141
2 0.886945 0.240166 0.010767 0.006211
2 0.808883 0.240166 0.010767 0.006211
2 0.717362 0.240166 0.010767 0.006211
2 0.664872 0.240166 0.010767 0.006211
2 0.141319 0.239130 0.010767 0.004141
2 0.843203 0.238095 0.009421 0.006211
2 0.826380 0.234472 0.010767 0.007246
2 0.876851 0.230849 0.006729 0.008282
2 0.717362 0.229296 0.010767 0.007246
2 0.664872 0.226708 0.013459 0.006211
2 0.548452 0.226708 0.012113 0.006211
2 0.507402 0.226708 0.013459 0.006211
2 0.268506 0.226708 0.012113 0.006211
2 0.227456 0.226708 0.013459 0.006211
2 0.869448 0.223602 0.045760 0.008282
2 0.582773 0.222567 0.008075 0.008282
2 0.302826 0.222567 0.008075 0.008282
2 0.799462 0.229296 0.061911 0.027950
2 0.735532 0.227743 0.030956 0.031056
2 0.490579 0.239648 0.841184 0.063147
2 0.745626 0.196687 0.008075 0.006211
2 0.718035 0.196687 0.006729 0.006211
2 0.757739 0.145963 0.008075 0.006211
2 0.458277 0.145963 0.009421 0.006211
2 0.839838 0.141822 0.008075 0.008282
2 0.494616 0.141822 0.006729 0.008282
2 0.709960 0.153727 0.402423 0.040373
2 0.172275 0.136128 0.008075 0.009317
2 0.162180 0.135611 0.009421 0.010352
2 0.306864 0.151139 0.401077 0.045549
2 0.131898 0.134576 0.008075 0.014493
2 0.203903 0.118012 0.009421 0.004141
2 0.578062 0.098861 0.009421 0.009317
2 0.565276 0.100932 0.013459 0.013458
2 0.551817 0.098861 0.010767 0.009317
2 0.522207 0.098861 0.013459 0.009317
2 0.507402 0.099379 0.010767 0.010352
2 0.462315 0.099379 0.009421 0.010352
2 0.452221 0.098861 0.005384 0.009317
2 0.432705 0.098861 0.009421 0.009317
2 0.421265 0.098861 0.010767 0.009317
2 0.443472 0.097826 0.009421 0.013458
2 0.537685 0.096273 0.014805 0.014493
2 0.488560 0.096273 0.024226 0.014493
2 0.405114 0.096273 0.018843 0.014493
2 0.553836 0.066770 0.014805 0.013458
2 0.533647 0.066770 0.020188 0.013458
2 0.517497 0.066770 0.009421 0.013458
2 0.569314 0.060559 0.013459 0.015528
2 0.493943 0.063147 0.032301 0.020704
2 0.452221 0.063147 0.026918 0.020704
2 0.414536 0.063147 0.024226 0.020704