1 0.081301 0.855521 0.005420 0.004128
1 0.794038 0.850361 0.021680 0.004128
1 0.493225 0.879257 0.848238 0.082559
1 0.218835 0.821981 0.069106 0.025800
1 0.189702 0.812693 0.010840 0.007224
1 0.170732 0.821981 0.010840 0.025800
1 0.829946 0.812178 0.012195 0.008256
1 0.728320 0.812178 0.012195 0.008256
1 0.607724 0.812178 0.012195 0.008256
1 0.522358 0.812178 0.012195 0.008256
1 0.437669 0.812178 0.010840 0.008256
1 0.286585 0.812178 0.012195 0.008256
1 0.149051 0.805986 0.005420 0.004128
1 0.154472 0.805986 0.005420 0.014448
1 0.085366 0.803406 0.005420 0.013416
1 0.078591 0.803406 0.005420 0.013416
1 0.813686 0.799794 0.012195 0.008256
1 0.744580 0.799794 0.012195 0.008256
1 0.607724 0.799794 0.012195 0.008256
1 0.402439 0.799278 0.010840 0.007224
1 0.267615 0.799794 0.012195 0.008256
1 0.228997 0.799794 0.010840 0.008256
1 0.209350 0.799794 0.012195 0.008256
1 0.744580 0.787926 0.012195 0.007224
1 0.522358 0.787926 0.012195 0.007224
1 0.436992 0.787926 0.012195 0.007224
1 0.305556 0.787410 0.012195 0.006192
1 0.829946 0.787410 0.012195 0.008256
1 0.711382 0.786894 0.010840 0.007224
1 0.607724 0.787410 0.012195 0.008256
1 0.382114 0.786894 0.010840 0.007224
1 0.724255 0.771930 0.017615 0.004128
1 0.762195 0.792054 0.028455 0.048504
1 0.509485 0.785346 0.037940 0.035088
1 0.123306 0.791022 0.029810 0.050568
1 0.877371 0.790506 0.055556 0.051600
1 0.813008 0.777606 0.043360 0.025800
1 0.706640 0.790506 0.052846 0.051600
1 0.633469 0.783798 0.044715 0.038184
1 0.565041 0.790506 0.043360 0.051600
1 0.463415 0.790506 0.043360 0.051600
1 0.373306 0.790506 0.069106 0.051600
1 0.300813 0.790506 0.059621 0.051600
1 0.152439 0.767802 0.009485 0.008256
1 0.436992 0.747678 0.009485 0.007224
1 0.831978 0.733746 0.010840 0.008256
1 0.531843 0.733746 0.012195 0.008256
1 0.377371 0.733746 0.012195 0.008256
1 0.296748 0.733746 0.010840 0.008256
1 0.205285 0.733746 0.012195 0.008256
1 0.159892 0.733746 0.010840 0.008256
1 0.085366 0.724974 0.005420 0.013416
1 0.078591 0.724974 0.005420 0.013416
1 0.850271 0.721362 0.012195 0.008256
1 0.726287 0.721362 0.010840 0.008256
1 0.514228 0.721362 0.012195 0.008256
1 0.341463 0.721362 0.010840 0.008256
1 0.296748 0.721362 0.010840 0.008256
1 0.177507 0.721362 0.010840 0.008256
1 0.879404 0.708978 0.010840 0.006192
1 0.707995 0.708978 0.012195 0.006192
1 0.495935 0.708978 0.010840 0.006192
1 0.296070 0.709494 0.012195 0.007224
1 0.176829 0.709494 0.012195 0.007224
1 0.141599 0.708978 0.012195 0.006192
1 0.850271 0.708978 0.012195 0.008256
1 0.531843 0.708978 0.012195 0.008256
1 0.377371 0.708978 0.012195 0.008256
1 0.323848 0.708462 0.010840 0.007224
1 0.205285 0.708978 0.012195 0.008256
1 0.080623 0.696594 0.006775 0.006192
1 0.073848 0.696078 0.006775 0.007224
1 0.721545 0.693498 0.020325 0.004128
1 0.510163 0.693498 0.020325 0.004128
1 0.337398 0.693498 0.018970 0.004128
1 0.155827 0.693498 0.018970 0.004128
1 0.454607 0.714138 0.039295 0.047472
1 0.878726 0.706398 0.050136 0.038184
1 0.731707 0.712590 0.037940 0.050568
1 0.665312 0.712590 0.059621 0.050568
1 0.582656 0.712590 0.056911 0.050568
1 0.404472 0.712590 0.047425 0.050568
1 0.250678 0.712590 0.046070 0.050568
1 0.136856 0.712590 0.056911 0.050568
1 0.803523 0.709494 0.067751 0.056760
1 0.640244 0.670279 0.009485 0.005160
1 0.111789 0.670279 0.006775 0.005160
1 0.085366 0.646543 0.005420 0.013416
1 0.078591 0.646543 0.005420 0.013416
1 0.837398 0.642931 0.010840 0.008256
1 0.817751 0.642931 0.012195 0.008256
1 0.503388 0.642931 0.012195 0.008256
1 0.426829 0.642931 0.010840 0.008256
1 0.161247 0.642931 0.010840 0.008256
1 0.895664 0.639835 0.010840 0.006192
1 0.875339 0.639835 0.010840 0.006192
1 0.836721 0.631063 0.012195 0.007224
1 0.672087 0.631063 0.010840 0.007224
1 0.561653 0.630547 0.012195 0.006192
1 0.538618 0.631063 0.012195 0.007224
1 0.340108 0.630547 0.010840 0.006192
1 0.270325 0.630547 0.012195 0.006192
1 0.201897 0.630547 0.010840 0.006192
1 0.160569 0.631063 0.012195 0.007224
1 0.817751 0.630547 0.012195 0.008256
1 0.642276 0.630031 0.010840 0.007224
1 0.489160 0.630031 0.010840 0.007224
1 0.440379 0.630547 0.010840 0.008256
1 0.411924 0.630031 0.010840 0.007224
1 0.228997 0.630547 0.010840 0.008256
1 0.865854 0.632095 0.029810 0.021672
1 0.573848 0.615067 0.014905 0.004128
1 0.352304 0.615067 0.016260 0.004128
1 0.936314 0.611971 0.005420 0.004128
1 0.918699 0.613003 0.005420 0.006192
1 0.705962 0.634159 0.422764 0.050568
1 0.661924 0.627967 0.031165 0.038184
1 0.609756 0.627967 0.048780 0.038184
1 0.220190 0.627967 0.028455 0.038184
1 0.289973 0.634159 0.439024 0.050568
1 0.863144 0.611971 0.005420 0.008256
1 0.928184 0.611455 0.008130 0.009288
1 0.897696 0.611455 0.006775 0.009288
1 0.883469 0.611455 0.008130 0.009288
1 0.854336 0.611455 0.009485 0.009288
1 0.716802 0.623839 0.054201 0.046440
1 0.714092 0.595459 0.024390 0.004128
1 0.113144 0.590815 0.009485 0.007224
1 0.707995 0.577399 0.012195 0.007224
1 0.661247 0.586171 0.016260 0.024768
1 0.554878 0.586171 0.014905 0.024768
1 0.501355 0.585655 0.024390 0.023736
1 0.848238 0.576883 0.010840 0.008256
1 0.819783 0.576883 0.010840 0.008256
1 0.791328 0.576883 0.010840 0.008256
1 0.730352 0.576883 0.010840 0.008256
1 0.617886 0.576883 0.010840 0.008256
1 0.516938 0.576883 0.012195 0.008256
1 0.421409 0.576883 0.010840 0.008256
1 0.313686 0.576883 0.012195 0.008256
1 0.179539 0.576883 0.012195 0.008256
1 0.644986 0.570691 0.010840 0.014448
1 0.589431 0.570175 0.010840 0.013416
1 0.539295 0.570175 0.010840 0.013416
1 0.085366 0.568111 0.005420 0.013416
1 0.078591 0.568111 0.005420 0.013416
1 0.876694 0.564499 0.010840 0.008256
1 0.859756 0.563467 0.006775 0.006192
1 0.754065 0.564499 0.012195 0.008256
1 0.672087 0.564499 0.010840 0.008256
1 0.603659 0.564499 0.012195 0.008256
1 0.566396 0.564499 0.010840 0.008256
1 0.409214 0.563983 0.010840 0.007224
1 0.278455 0.564499 0.012195 0.008256
1 0.212737 0.563983 0.010840 0.007224
1 0.159892 0.564499 0.010840 0.008256
1 0.730352 0.555212 0.010840 0.006192
1 0.672764 0.555212 0.009485 0.006192
1 0.617886 0.555212 0.010840 0.006192
1 0.566396 0.555212 0.010840 0.006192
1 0.516938 0.555212 0.009485 0.006192
1 0.864499 0.554180 0.010840 0.010320
1 0.332656 0.552116 0.012195 0.006192
1 0.179539 0.552632 0.012195 0.007224
1 0.419377 0.552116 0.014905 0.008256
1 0.396341 0.551600 0.012195 0.007224
1 0.313686 0.552116 0.012195 0.008256
1 0.199187 0.551600 0.010840 0.007224
1 0.888889 0.561920 0.016260 0.038184
1 0.073848 0.539216 0.006775 0.007224
1 0.826558 0.551600 0.054201 0.034056
1 0.777100 0.546440 0.039295 0.023736
1 0.621951 0.557792 0.029810 0.046440
1 0.210705 0.536636 0.014905 0.004128
1 0.450542 0.556760 0.031165 0.048504
1 0.367886 0.556760 0.031165 0.048504
1 0.173442 0.534572 0.021680 0.004128
1 0.413279 0.531476 0.027100 0.004128
1 0.334011 0.555212 0.033875 0.051600
1 0.261518 0.555212 0.043360 0.051600
1 0.216802 0.555212 0.027100 0.051600
1 0.135501 0.552116 0.059621 0.057792
1 0.459350 0.515480 0.010840 0.007224
1 0.718835 0.507224 0.012195 0.025800
1 0.590108 0.498452 0.012195 0.008256
1 0.571138 0.498452 0.012195 0.008256
1 0.522358 0.498452 0.012195 0.008256
1 0.466125 0.498452 0.010840 0.008256
1 0.416667 0.498452 0.012195 0.008256
1 0.381436 0.498452 0.012195 0.008256
1 0.325203 0.498452 0.010840 0.008256
1 0.857724 0.487100 0.008130 0.006192
1 0.842818 0.490196 0.010840 0.012384
1 0.798103 0.487100 0.008130 0.006192
1 0.085366 0.489680 0.005420 0.013416
1 0.078591 0.489680 0.005420 0.013416
1 0.608401 0.486068 0.010840 0.008256
1 0.552846 0.486068 0.010840 0.008256
1 0.503388 0.486068 0.012195 0.008256
1 0.447154 0.486068 0.010840 0.008256
1 0.362466 0.486068 0.012195 0.008256
1 0.344173 0.486068 0.010840 0.008256
1 0.325203 0.486068 0.010840 0.008256
1 0.883469 0.488648 0.008130 0.017544
1 0.825203 0.495872 0.010840 0.050568
1 0.771680 0.495872 0.012195 0.050568
1 0.718835 0.474200 0.012195 0.007224
1 0.552168 0.474200 0.012195 0.007224
1 0.483740 0.473684 0.010840 0.006192
1 0.446477 0.474200 0.012195 0.007224
1 0.590108 0.473684 0.012195 0.008256
1 0.522358 0.473684 0.012195 0.008256
1 0.416667 0.473684 0.012195 0.008256
1 0.357724 0.470588 0.056911 0.004128
1 0.655827 0.483488 0.067751 0.038184
1 0.079946 0.460268 0.005420 0.006192
1 0.497967 0.458204 0.020325 0.004128
1 0.461382 0.458204 0.020325 0.004128
1 0.200542 0.477296 0.048780 0.050568
1 0.138211 0.477296 0.059621 0.050568
1 0.842818 0.454076 0.008130 0.006192
1 0.772358 0.454592 0.010840 0.007224
1 0.746612 0.454076 0.008130 0.006192
1 0.799458 0.454076 0.008130 0.008256
1 0.584688 0.454076 0.058266 0.012384
1 0.584688 0.449432 0.058266 0.011352
1 0.277778 0.473168 0.067751 0.058824
1 0.111789 0.434985 0.006775 0.005160
1 0.416667 0.433953 0.009485 0.007224
1 0.085366 0.411249 0.005420 0.013416
1 0.078591 0.411249 0.005420 0.013416
1 0.884824 0.407637 0.010840 0.008256
1 0.856369 0.407637 0.010840 0.008256
1 0.798780 0.407637 0.012195 0.008256
1 0.596883 0.407637 0.012195 0.008256
1 0.546070 0.407637 0.010840 0.008256
1 0.434959 0.407637 0.010840 0.008256
1 0.403117 0.407637 0.012195 0.008256
1 0.352304 0.407637 0.010840 0.008256
1 0.241192 0.407637 0.010840 0.008256
1 0.157859 0.407637 0.012195 0.008256
1 0.827236 0.395769 0.012195 0.007224
1 0.607724 0.395769 0.014905 0.007224
1 0.520325 0.395253 0.010840 0.006192
1 0.434959 0.395769 0.010840 0.007224
1 0.350271 0.395769 0.014905 0.007224
1 0.240515 0.395769 0.012195 0.007224
1 0.157859 0.395769 0.012195 0.007224
1 0.798780 0.395253 0.012195 0.008256
1 0.775745 0.395253 0.012195 0.008256
1 0.746612 0.394737 0.010840 0.007224
1 0.695122 0.395253 0.010840 0.008256
1 0.584011 0.394737 0.010840 0.007224
1 0.546070 0.395253 0.010840 0.008256
1 0.415312 0.395253 0.012195 0.008256
1 0.326558 0.394737 0.010840 0.007224
1 0.220867 0.395253 0.010840 0.008256
1 0.177507 0.395253 0.010840 0.008256
1 0.079268 0.382353 0.006775 0.007224
1 0.594851 0.379773 0.013550 0.004128
1 0.338076 0.379773 0.014905 0.004128
1 0.765583 0.392673 0.029810 0.038184
1 0.455285 0.392673 0.032520 0.038184
1 0.402439 0.385965 0.035230 0.024768
1 0.261518 0.392673 0.032520 0.038184
1 0.208672 0.392673 0.035230 0.038184
1 0.281843 0.398865 0.422764 0.050568
1 0.705962 0.394737 0.422764 0.058824
1 0.695799 0.355521 0.009485 0.007224
1 0.667344 0.331269 0.012195 0.004128
1 0.771003 0.329205 0.010840 0.008256
1 0.518293 0.329205 0.012195 0.008256
1 0.443767 0.329205 0.012195 0.008256
1 0.392276 0.329205 0.012195 0.008256
1 0.349593 0.329205 0.010840 0.008256
1 0.291328 0.329205 0.010840 0.008256
1 0.255420 0.329205 0.012195 0.008256
1 0.220190 0.329205 0.012195 0.008256
1 0.523035 0.318369 0.010840 0.005160
1 0.771003 0.317337 0.010840 0.007224
1 0.743225 0.316821 0.012195 0.006192
1 0.721545 0.317337 0.012195 0.007224
1 0.613821 0.316821 0.010840 0.006192
1 0.583333 0.317337 0.012195 0.007224
1 0.349593 0.317337 0.010840 0.007224
1 0.326558 0.317337 0.010840 0.007224
1 0.277100 0.316821 0.012195 0.006192
1 0.255420 0.317337 0.012195 0.007224
1 0.233740 0.317337 0.012195 0.007224
1 0.205962 0.316305 0.010840 0.007224
1 0.755420 0.301342 0.014905 0.004128
1 0.289295 0.301342 0.014905 0.004128
1 0.217480 0.301342 0.014905 0.004128
1 0.493902 0.329721 0.846883 0.069143
1 0.721545 0.278122 0.009485 0.005160
2 0.865854 0.238906 0.010840 0.007224
2 0.845528 0.238906 0.010840 0.007224
2 0.799458 0.238906 0.010840 0.007224
2 0.779133 0.238906 0.010840 0.007224
2 0.733062 0.238906 0.010840 0.007224
2 0.483740 0.238906 0.010840 0.007224
2 0.462737 0.238906 0.012195 0.007224
2 0.442412 0.238906 0.012195 0.007224
2 0.417344 0.238906 0.010840 0.007224
2 0.396341 0.238906 0.012195 0.007224
2 0.376016 0.238906 0.012195 0.007224
2 0.350949 0.238906 0.010840 0.007224
2 0.329946 0.238906 0.012195 0.007224
2 0.280488 0.238906 0.010840 0.007224
2 0.266938 0.238906 0.010840 0.007224
2 0.254743 0.238906 0.010840 0.007224
2 0.233062 0.238906 0.010840 0.007224
2 0.205962 0.238906 0.010840 0.007224
2 0.184282 0.238906 0.010840 0.007224
2 0.072493 0.225490 0.006775 0.007224
2 0.278455 0.222910 0.042005 0.004128
2 0.217480 0.222910 0.014905 0.004128
2 0.493225 0.242002 0.848238 0.050568
2 0.732385 0.198658 0.009485 0.007224
2 0.861789 0.160475 0.010840 0.007224
2 0.659892 0.160475 0.010840 0.007224
2 0.611789 0.160475 0.012195 0.007224
2 0.551491 0.160475 0.010840 0.007224
2 0.504743 0.160475 0.012195 0.007224
2 0.319783 0.153767 0.013550 0.012384
2 0.881436 0.144479 0.031165 0.004128
2 0.571816 0.144479 0.032520 0.004128
2 0.197832 0.145511 0.010840 0.010320
2 0.186992 0.145511 0.010840 0.010320
2 0.175474 0.145511 0.006775 0.010320
2 0.514228 0.163571 0.806233 0.050568
2 0.140921 0.144479 0.008130 0.016512
2 0.504743 0.120227 0.009485 0.007224
2 0.913957 0.114035 0.006775 0.005160
2 0.899051 0.113519 0.006775 0.006192
2 0.890921 0.113519 0.006775 0.006192
2 0.854336 0.113519 0.012195 0.006192
2 0.833333 0.113519 0.005420 0.006192
2 0.882114 0.111971 0.008130 0.009288
2 0.872629 0.110939 0.008130 0.007224
2 0.826558 0.111455 0.005420 0.008256
2 0.821138 0.111971 0.005420 0.009288
2 0.678862 0.101651 0.005420 0.005160
2 0.623306 0.102167 0.008130 0.006192
2 0.735772 0.099587 0.010840 0.009288
2 0.725610 0.099587 0.006775 0.009288
2 0.713415 0.099587 0.014905 0.009288
2 0.698509 0.100103 0.012195 0.010320
2 0.638889 0.099587 0.006775 0.009288
2 0.580623 0.100103 0.012195 0.010320
2 0.566396 0.100103 0.013550 0.010320
2 0.518293 0.099587 0.014905 0.009288
2 0.503388 0.100103 0.012195 0.010320
2 0.491192 0.099587 0.009485 0.009288
2 0.478997 0.099587 0.009485 0.009288
2 0.466125 0.099587 0.010840 0.009288
2 0.436314 0.099587 0.013550 0.009288
2 0.388211 0.099587 0.009485 0.009288
2 0.376694 0.099587 0.010840 0.009288
2 0.363144 0.100103 0.013550 0.010320
2 0.315718 0.100103 0.010840 0.010320
2 0.301491 0.099587 0.014905 0.009288
2 0.285230 0.100103 0.014905 0.010320
2 0.271003 0.099587 0.010840 0.009288
2 0.684282 0.097007 0.013550 0.014448
2 0.659214 0.097007 0.014905 0.014448
2 0.647019 0.097007 0.006775 0.014448
2 0.627371 0.097007 0.013550 0.014448
2 0.595528 0.097007 0.014905 0.014448
2 0.550136 0.097007 0.016260 0.014448
2 0.451897 0.097007 0.012195 0.014448
2 0.418699 0.097007 0.018970 0.014448
2 0.342818 0.097007 0.024390 0.014448
2 0.254743 0.097007 0.016260 0.014448
2 0.513550 0.063467 0.016260 0.019608
2 0.493225 0.063467 0.016260 0.019608
2 0.472900 0.063467 0.016260 0.019608