1 0.487434 0.890496 0.792328 0.014463
1 0.080688 0.889979 0.005291 0.013430
1 0.074074 0.889979 0.005291 0.013430
1 0.487434 0.868802 0.011905 0.012397
1 0.074735 0.862087 0.006614 0.007231
1 0.705026 0.791839 0.015873 0.007231
1 0.637566 0.791839 0.015873 0.007231
1 0.380952 0.791839 0.015873 0.007231
1 0.314815 0.791839 0.015873 0.007231
1 0.280423 0.791839 0.015873 0.007231
1 0.478836 0.809917 0.828042 0.066116
1 0.707672 0.754649 0.010582 0.015496
1 0.329365 0.711777 0.013228 0.004132
1 0.873677 0.711777 0.014550 0.006198
1 0.802910 0.712293 0.015873 0.007231
1 0.607143 0.712293 0.015873 0.007231
1 0.583995 0.711777 0.014550 0.006198
1 0.180556 0.711777 0.014550 0.006198
1 0.158069 0.711777 0.014550 0.006198
1 0.073413 0.701963 0.009259 0.007231
1 0.478836 0.726756 0.828042 0.071281
1 0.759259 0.653926 0.010582 0.008264
1 0.818783 0.651343 0.007937 0.011364
1 0.632275 0.647727 0.005291 0.004132
1 0.517196 0.649277 0.007937 0.007231
1 0.394180 0.647727 0.005291 0.004132
1 0.281746 0.648760 0.007937 0.006198
1 0.080688 0.651343 0.005291 0.013430
1 0.074074 0.651343 0.005291 0.013430
1 0.455026 0.647727 0.010582 0.008264
1 0.198413 0.647727 0.010582 0.008264
1 0.136243 0.647727 0.010582 0.008264
1 0.871693 0.650310 0.007937 0.017562
1 0.570106 0.649793 0.007937 0.016529
1 0.334656 0.650310 0.007937 0.017562
1 0.734127 0.641529 0.010582 0.008264
1 0.708995 0.641529 0.010582 0.008264
1 0.795635 0.632231 0.014550 0.006198
1 0.494709 0.632231 0.015873 0.006198
1 0.454365 0.632231 0.014550 0.006198
1 0.254630 0.634298 0.022487 0.010331
1 0.197751 0.632231 0.014550 0.006198
1 0.169974 0.631715 0.014550 0.007231
1 0.135582 0.631715 0.014550 0.007231
1 0.075397 0.622417 0.005291 0.007231
1 0.272487 0.650310 0.412698 0.065083
1 0.686508 0.647211 0.412698 0.071281
1 0.210979 0.618802 0.019841 0.014463
1 0.149471 0.618802 0.018519 0.014463
1 0.249339 0.612087 0.009259 0.007231
1 0.370370 0.594525 0.010582 0.015496
1 0.144180 0.594008 0.010582 0.016529
1 0.874339 0.589360 0.010582 0.025826
1 0.822751 0.589360 0.010582 0.025826
1 0.787037 0.580062 0.010582 0.007231
1 0.722222 0.580579 0.010582 0.008264
1 0.707672 0.589360 0.010582 0.025826
1 0.667989 0.586777 0.010582 0.020661
1 0.611111 0.586777 0.010582 0.020661
1 0.596561 0.589360 0.010582 0.025826
1 0.559524 0.580579 0.010582 0.008264
1 0.496693 0.580579 0.011905 0.008264
1 0.481481 0.589360 0.010582 0.025826
1 0.441799 0.580579 0.010582 0.008264
1 0.384921 0.586777 0.010582 0.020661
1 0.370370 0.581095 0.010582 0.009298
1 0.333995 0.580579 0.011905 0.008264
1 0.270503 0.580579 0.011905 0.008264
1 0.255291 0.589360 0.010582 0.025826
1 0.215608 0.580579 0.010582 0.008264
1 0.158730 0.586777 0.010582 0.020661
1 0.144180 0.580579 0.010582 0.008264
1 0.107804 0.580579 0.011905 0.008264
1 0.859127 0.570248 0.009259 0.008264
1 0.080688 0.570764 0.005291 0.013430
1 0.074074 0.570764 0.005291 0.013430
1 0.180556 0.570248 0.006614 0.018595
1 0.272487 0.570764 0.412698 0.025826
1 0.723545 0.552686 0.015873 0.006198
1 0.560847 0.552686 0.015873 0.006198
1 0.497354 0.552686 0.015873 0.006198
1 0.334656 0.552686 0.015873 0.006198
1 0.271164 0.552686 0.015873 0.006198
1 0.108466 0.552686 0.015873 0.006198
1 0.785714 0.552169 0.015873 0.007231
1 0.294974 0.552169 0.015873 0.007231
1 0.076720 0.542355 0.005291 0.006198
1 0.068783 0.542872 0.005291 0.007231
1 0.686508 0.567149 0.412698 0.059917
2 0.853836 0.471074 0.019841 0.010331
2 0.478836 0.492769 0.828042 0.059917
2 0.068783 0.462810 0.005291 0.006198
2 0.076058 0.462293 0.006614 0.007231
2 0.215608 0.434401 0.010582 0.015496
2 0.631614 0.434401 0.009259 0.017562
2 0.423942 0.434401 0.009259 0.017562
2 0.478836 0.420971 0.828042 0.044421
2 0.124339 0.389463 0.013228 0.012397
2 0.076720 0.382231 0.005291 0.006198
2 0.105820 0.379649 0.005291 0.009298
2 0.099206 0.379649 0.007937 0.009298
2 0.865079 0.340909 0.010582 0.008264
2 0.800265 0.340909 0.010582 0.008264
2 0.667328 0.340909 0.011905 0.008264
2 0.589947 0.340909 0.010582 0.008264
2 0.382275 0.340909 0.010582 0.008264
2 0.300926 0.340909 0.011905 0.008264
2 0.248677 0.340909 0.010582 0.008264
2 0.344577 0.334711 0.011905 0.008264
2 0.480820 0.330579 0.011905 0.004132
2 0.429894 0.330579 0.010582 0.004132
2 0.207672 0.330579 0.010582 0.004132
2 0.156746 0.330579 0.011905 0.004132
2 0.695106 0.330062 0.009259 0.007231
2 0.615079 0.328512 0.005291 0.004132
2 0.080688 0.332128 0.005291 0.013430
2 0.074074 0.332128 0.005291 0.013430
2 0.404101 0.332128 0.006614 0.015496
2 0.300926 0.328512 0.011905 0.008264
2 0.329365 0.325413 0.010582 0.006198
2 0.130952 0.331095 0.007937 0.017562
2 0.315476 0.321798 0.011905 0.007231
2 0.286376 0.321798 0.011905 0.007231
2 0.271825 0.321798 0.011905 0.007231
2 0.799603 0.313017 0.014550 0.006198
2 0.589286 0.313017 0.014550 0.006198
2 0.381614 0.313017 0.014550 0.006198
2 0.248016 0.313017 0.014550 0.006198
2 0.870370 0.314566 0.023810 0.011364
2 0.666667 0.312500 0.015873 0.007231
2 0.723545 0.319731 0.023810 0.025826
2 0.645503 0.319731 0.023810 0.025826
2 0.326720 0.306818 0.044974 0.004132
2 0.076720 0.303202 0.005291 0.007231
2 0.069444 0.303202 0.006614 0.007231
2 0.832011 0.321798 0.015873 0.046488
2 0.767196 0.321798 0.015873 0.046488
2 0.548280 0.321798 0.014550 0.046488
2 0.522487 0.321798 0.015873 0.046488
2 0.108466 0.321798 0.015873 0.046488
2 0.271825 0.299587 0.038360 0.014463
2 0.863095 0.281508 0.009259 0.007231
2 0.696429 0.260847 0.011905 0.007231
2 0.669312 0.260847 0.010582 0.007231
2 0.589286 0.260847 0.011905 0.007231
2 0.519841 0.260847 0.010582 0.007231
2 0.501984 0.260847 0.011905 0.007231
2 0.405423 0.260847 0.011905 0.007231
2 0.371032 0.260847 0.011905 0.007231
2 0.695767 0.232955 0.015873 0.007231
2 0.588624 0.232955 0.015873 0.007231
2 0.519841 0.232955 0.015873 0.007231
2 0.501323 0.232955 0.015873 0.007231
2 0.370370 0.232955 0.015873 0.007231
2 0.479497 0.241219 0.826720 0.046488
2 0.667328 0.202996 0.009259 0.005165
2 0.404101 0.201963 0.009259 0.007231
2 0.255952 0.201963 0.009259 0.007231
2 0.499339 0.172004 0.787037 0.025826
2 0.524471 0.149793 0.011905 0.012397
2 0.512566 0.149793 0.009259 0.012397
2 0.185185 0.141529 0.021164 0.010331
2 0.168651 0.141529 0.006614 0.010331
2 0.134921 0.140496 0.007937 0.016529
2 0.889550 0.113120 0.006614 0.005165
2 0.875000 0.112603 0.006614 0.006198
2 0.867063 0.112603 0.006614 0.006198
2 0.831349 0.112603 0.011905 0.006198
2 0.810847 0.112603 0.005291 0.006198
2 0.858466 0.111054 0.007937 0.009298
2 0.849206 0.110021 0.007937 0.007231
2 0.804233 0.110537 0.005291 0.008264
2 0.798942 0.111054 0.005291 0.009298
2 0.567460 0.100723 0.005291 0.005165
2 0.433862 0.098657 0.010582 0.009298
2 0.405423 0.098657 0.009259 0.009298
2 0.572090 0.096074 0.014550 0.014463
2 0.553571 0.096074 0.019841 0.014463
2 0.534392 0.096074 0.015873 0.014463
2 0.503968 0.096074 0.042328 0.014463
2 0.477513 0.096074 0.007937 0.014463
2 0.463624 0.096074 0.014550 0.014463
2 0.419974 0.096074 0.014550 0.014463
2 0.390212 0.096074 0.018519 0.014463
2 0.311508 0.067149 0.009259 0.012397
2 0.650132 0.066632 0.014550 0.013430
2 0.632937 0.067149 0.017196 0.014463
2 0.611772 0.069731 0.017196 0.019628
2 0.558201 0.066632 0.013228 0.013430
2 0.517857 0.067149 0.017196 0.014463
2 0.467593 0.066632 0.014550 0.013430
2 0.449735 0.067149 0.015873 0.014463
2 0.432540 0.066632 0.018519 0.013430
2 0.414683 0.067149 0.014550 0.014463
2 0.398148 0.066632 0.015873 0.013430
2 0.380952 0.067149 0.015873 0.014463
2 0.666005 0.064566 0.011905 0.019628
2 0.496693 0.063533 0.022487 0.019628
2 0.361772 0.063533 0.022487 0.019628
2 0.292989 0.063533 0.022487 0.019628
2 0.588624 0.063017 0.026455 0.020661
2 0.544312 0.063017 0.009259 0.020661
2 0.532407 0.063017 0.009259 0.020661
2 0.333995 0.063017 0.009259 0.020661
2 0.323413 0.063017 0.009259 0.020661