0 0.246585 0.884695 0.047814 0.019648
0 0.128415 0.884695 0.040984 0.019648
0 0.730191 0.872802 0.012295 0.008273
0 0.661885 0.872802 0.012295 0.008273
0 0.575137 0.872802 0.010929 0.008273
0 0.508197 0.872802 0.010929 0.008273
0 0.394809 0.872802 0.010929 0.008273
0 0.371585 0.872285 0.010929 0.007239
0 0.228142 0.872802 0.010929 0.008273
0 0.113388 0.872802 0.010929 0.008273
0 0.846995 0.866598 0.010929 0.008273
0 0.084699 0.862978 0.005464 0.013444
0 0.077869 0.862978 0.005464 0.013444
0 0.847678 0.857291 0.012295 0.006205
0 0.900956 0.861944 0.006831 0.017580
0 0.282787 0.869183 0.426230 0.050672
1 0.289617 0.838159 0.010929 0.005171
1 0.228142 0.838159 0.010929 0.005171
1 0.137295 0.838159 0.012295 0.005171
1 0.079918 0.835057 0.006831 0.007239
1 0.072404 0.835057 0.005464 0.007239
0 0.710383 0.860393 0.426230 0.062048
1 0.816940 0.827818 0.010929 0.007239
1 0.780738 0.826267 0.009563 0.004137
1 0.764344 0.827818 0.009563 0.007239
1 0.747268 0.827818 0.010929 0.007239
1 0.730191 0.827818 0.009563 0.007239
1 0.713798 0.827818 0.009563 0.007239
1 0.696038 0.826784 0.009563 0.005171
1 0.679645 0.827818 0.009563 0.007239
1 0.661885 0.827818 0.009563 0.007239
1 0.626366 0.827818 0.009563 0.007239
1 0.608607 0.826267 0.009563 0.004137
1 0.592213 0.827818 0.009563 0.007239
1 0.575820 0.827818 0.009563 0.007239
1 0.893443 0.823681 0.005464 0.009307
1 0.885929 0.823681 0.009563 0.009307
1 0.370902 0.815408 0.009563 0.007239
1 0.417350 0.798862 0.023224 0.013444
1 0.883197 0.761634 0.012295 0.007239
1 0.861339 0.761634 0.012295 0.007239
1 0.797131 0.761634 0.012295 0.007239
1 0.763661 0.761634 0.010929 0.007239
1 0.727459 0.761634 0.012295 0.007239
1 0.690574 0.761634 0.012295 0.007239
1 0.623634 0.761634 0.012295 0.007239
1 0.578552 0.761634 0.012295 0.007239
1 0.454235 0.761634 0.012295 0.007239
1 0.432377 0.761634 0.012295 0.007239
1 0.410519 0.761634 0.012295 0.007239
1 0.112705 0.761634 0.012295 0.007239
1 0.214481 0.761634 0.010929 0.013444
1 0.131148 0.759049 0.008197 0.012410
1 0.495902 0.776112 0.855191 0.065150
1 0.762978 0.729576 0.009563 0.007239
1 0.821721 0.711996 0.017760 0.013444
1 0.817623 0.700103 0.012295 0.008273
1 0.790984 0.700103 0.010929 0.008273
1 0.722678 0.700103 0.010929 0.008273
1 0.522541 0.700103 0.012295 0.008273
1 0.487705 0.700103 0.010929 0.008273
1 0.461066 0.700103 0.012295 0.008273
1 0.398907 0.700103 0.010929 0.008273
1 0.360656 0.700103 0.010929 0.008273
1 0.298497 0.707342 0.053279 0.022751
1 0.277322 0.700103 0.010929 0.008273
1 0.187158 0.700103 0.010929 0.008273
1 0.112705 0.700103 0.012295 0.008273
1 0.339481 0.689762 0.009563 0.008273
1 0.084699 0.690279 0.005464 0.013444
1 0.077869 0.690279 0.005464 0.013444
1 0.702869 0.696484 0.441257 0.050672
1 0.282787 0.696484 0.426230 0.050672
1 0.399590 0.665460 0.012295 0.005171
1 0.361339 0.665460 0.012295 0.005171
1 0.298497 0.665460 0.012295 0.005171
1 0.071721 0.662358 0.006831 0.007239
1 0.112705 0.655119 0.009563 0.007239
1 0.790301 0.642709 0.009563 0.007239
1 0.461066 0.642709 0.009563 0.007239
1 0.519126 0.627198 0.030055 0.009307
1 0.466530 0.626680 0.009563 0.016546
1 0.184426 0.625129 0.019126 0.013444
1 0.721311 0.613754 0.010929 0.007239
1 0.180328 0.613754 0.010929 0.007239
1 0.874317 0.613237 0.010929 0.008273
1 0.840847 0.613237 0.012295 0.008273
1 0.633197 0.613237 0.012295 0.008273
1 0.508880 0.613237 0.012295 0.008273
1 0.466530 0.613237 0.012295 0.008273
1 0.437158 0.619442 0.010929 0.020683
1 0.280055 0.613237 0.010929 0.008273
1 0.146175 0.613237 0.010929 0.008273
1 0.112705 0.613237 0.012295 0.008273
1 0.521175 0.607549 0.006831 0.005171
1 0.538251 0.607032 0.010929 0.008273
1 0.487022 0.602896 0.009563 0.008273
1 0.577186 0.616856 0.045082 0.040331
1 0.580601 0.600827 0.010929 0.008273
1 0.383880 0.600310 0.008197 0.007239
1 0.084699 0.603413 0.005464 0.013444
1 0.077869 0.603413 0.005464 0.013444
1 0.889344 0.610134 0.040984 0.049638
1 0.875000 0.588418 0.012295 0.006205
1 0.850410 0.608583 0.028689 0.046536
1 0.840847 0.588935 0.012295 0.007239
1 0.790301 0.588935 0.012295 0.007239
1 0.798497 0.608583 0.064208 0.046536
1 0.620219 0.608583 0.245902 0.046536
1 0.279372 0.588935 0.012295 0.007239
1 0.237705 0.588935 0.024590 0.007239
1 0.224727 0.610134 0.031421 0.049638
1 0.197404 0.588935 0.012295 0.007239
1 0.181011 0.588935 0.012295 0.007239
1 0.146858 0.588418 0.012295 0.006205
1 0.138661 0.608583 0.061475 0.046536
1 0.112705 0.588935 0.012295 0.007239
1 0.632514 0.584798 0.016393 0.007239
1 0.385246 0.608066 0.221311 0.057911
1 0.904372 0.578594 0.010929 0.005171
1 0.243852 0.578594 0.012295 0.005171
1 0.071721 0.575491 0.006831 0.007239
1 0.428279 0.544984 0.028689 0.008273
1 0.521858 0.538263 0.010929 0.005171
1 0.436475 0.538263 0.012295 0.005171
1 0.784153 0.498449 0.016393 0.006205
1 0.653005 0.498966 0.016393 0.007239
1 0.613388 0.498966 0.016393 0.007239
1 0.419399 0.498966 0.016393 0.007239
1 0.375000 0.498449 0.015027 0.006205
1 0.330601 0.498966 0.016393 0.007239
1 0.243852 0.498966 0.015027 0.007239
1 0.199454 0.498966 0.016393 0.007239
1 0.495902 0.513961 0.855191 0.072389
1 0.871585 0.440538 0.010929 0.008273
1 0.816940 0.440538 0.010929 0.008273
1 0.788934 0.440538 0.012295 0.008273
1 0.745902 0.440538 0.010929 0.008273
1 0.719262 0.440538 0.012295 0.008273
1 0.691940 0.440538 0.012295 0.008273
1 0.664617 0.440538 0.012295 0.008273
1 0.621585 0.440538 0.010929 0.008273
1 0.594262 0.440538 0.010929 0.008273
1 0.566940 0.440538 0.010929 0.008273
1 0.540301 0.440538 0.012295 0.008273
1 0.469945 0.440538 0.010929 0.008273
1 0.442623 0.440538 0.010929 0.008273
1 0.415301 0.440538 0.010929 0.008273
1 0.112705 0.440538 0.012295 0.008273
1 0.872268 0.428128 0.012295 0.008273
1 0.816940 0.427611 0.010929 0.007239
1 0.746585 0.428128 0.012295 0.008273
1 0.691940 0.428128 0.012295 0.008273
1 0.622268 0.428128 0.012295 0.008273
1 0.567623 0.428128 0.012295 0.008273
1 0.443306 0.428128 0.012295 0.008273
1 0.084699 0.430714 0.005464 0.013444
1 0.077869 0.430714 0.005464 0.013444
1 0.358607 0.430196 0.006831 0.016546
1 0.385929 0.431231 0.006831 0.026887
1 0.290984 0.435884 0.046448 0.046536
1 0.210383 0.435884 0.065574 0.046536
1 0.140027 0.435884 0.064208 0.046536
1 0.130464 0.416236 0.012295 0.007239
1 0.112705 0.416236 0.012295 0.007239
1 0.871585 0.412099 0.016393 0.007239
1 0.816940 0.412099 0.016393 0.007239
1 0.788251 0.412099 0.016393 0.007239
1 0.745902 0.412099 0.016393 0.007239
1 0.718579 0.412099 0.016393 0.007239
1 0.691257 0.412099 0.016393 0.007239
1 0.663934 0.412099 0.016393 0.007239
1 0.621585 0.412099 0.016393 0.007239
1 0.594262 0.412099 0.016393 0.007239
1 0.566940 0.412099 0.016393 0.007239
1 0.539617 0.412099 0.016393 0.007239
1 0.469945 0.412099 0.016393 0.007239
1 0.442623 0.412099 0.016393 0.007239
1 0.415301 0.412099 0.016393 0.007239
1 0.079235 0.402275 0.005464 0.006205
1 0.844262 0.421406 0.016393 0.046536
1 0.497268 0.421406 0.016393 0.046536
1 0.326503 0.421406 0.016393 0.046536
1 0.308743 0.397622 0.010929 0.005171
1 0.202186 0.397622 0.010929 0.005171
1 0.217896 0.396587 0.006831 0.007239
1 0.184426 0.396587 0.010929 0.007239
1 0.893443 0.411582 0.035519 0.039297
1 0.288934 0.396070 0.006831 0.008273
1 0.199454 0.366598 0.035519 0.013444
2 0.495902 0.351086 0.855191 0.050672
2 0.329235 0.319545 0.010929 0.006205
2 0.295765 0.319545 0.012295 0.006205
2 0.220628 0.319545 0.012295 0.006205
2 0.079235 0.314891 0.005464 0.005171
2 0.823770 0.267839 0.010929 0.008273
2 0.772541 0.267839 0.012295 0.008273
2 0.553279 0.267839 0.010929 0.008273
2 0.502049 0.267839 0.012295 0.008273
2 0.299180 0.267839 0.010929 0.008273
2 0.228142 0.256980 0.008197 0.007239
2 0.111339 0.259049 0.006831 0.015512
2 0.084699 0.258014 0.005464 0.013444
2 0.077869 0.258014 0.005464 0.013444
2 0.189208 0.258532 0.006831 0.016546
2 0.149590 0.258014 0.006831 0.017580
2 0.862705 0.263185 0.088798 0.046536
2 0.850410 0.243537 0.012295 0.007239
2 0.824454 0.243537 0.012295 0.007239
2 0.798497 0.243537 0.012295 0.007239
2 0.772541 0.243537 0.012295 0.007239
2 0.754781 0.263185 0.080601 0.046536
2 0.644126 0.263185 0.088798 0.046536
2 0.579918 0.243537 0.012295 0.007239
2 0.553962 0.243537 0.012295 0.007239
2 0.528005 0.243537 0.012295 0.007239
2 0.502049 0.243537 0.012295 0.007239
2 0.414617 0.243537 0.012295 0.007239
2 0.426913 0.263185 0.088798 0.046536
2 0.364071 0.243537 0.012295 0.007239
2 0.346311 0.263185 0.025956 0.046536
2 0.298497 0.243537 0.012295 0.007239
2 0.253415 0.243020 0.012295 0.006205
2 0.078552 0.230093 0.006831 0.007239
2 0.262978 0.232678 0.009563 0.016546
2 0.253415 0.207342 0.009563 0.007239
2 0.517077 0.172182 0.812842 0.025853
2 0.543033 0.149948 0.009563 0.012410
2 0.531421 0.149948 0.010929 0.012410
2 0.198770 0.141675 0.009563 0.010341
2 0.186475 0.141675 0.009563 0.010341
2 0.175546 0.141675 0.006831 0.010341
2 0.140710 0.140641 0.008197 0.016546
2 0.920082 0.113237 0.006831 0.005171
2 0.905055 0.112720 0.006831 0.006205
2 0.896858 0.112720 0.006831 0.006205
2 0.859973 0.112720 0.012295 0.006205
2 0.838798 0.112720 0.005464 0.006205
2 0.887978 0.111169 0.008197 0.009307
2 0.878415 0.110134 0.008197 0.007239
2 0.831967 0.110651 0.005464 0.008273
2 0.826503 0.111169 0.005464 0.009307
2 0.566940 0.100827 0.013661 0.013444
2 0.553962 0.099276 0.012295 0.010341
2 0.501366 0.099276 0.013661 0.010341
2 0.441257 0.099276 0.013661 0.010341
2 0.515710 0.097208 0.009563 0.014478
2 0.536885 0.096174 0.016393 0.014478
2 0.482923 0.096691 0.017760 0.015512
2 0.460383 0.096174 0.005464 0.014478
2 0.452186 0.096174 0.005464 0.014478
2 0.424863 0.096174 0.016393 0.014478
2 0.642077 0.066701 0.013661 0.013444
2 0.625000 0.066701 0.015027 0.013444
2 0.600410 0.066701 0.031421 0.013444
2 0.483607 0.066701 0.016393 0.013444
2 0.443989 0.066701 0.013661 0.013444
2 0.402322 0.066701 0.020492 0.013444
2 0.508880 0.064633 0.012295 0.017580
2 0.565574 0.063599 0.032787 0.019648
2 0.355874 0.063599 0.023224 0.019648
2 0.527322 0.063082 0.021858 0.020683
2 0.471311 0.063082 0.013661 0.020683
2 0.424180 0.063082 0.020492 0.020683
2 0.379781 0.063082 0.021858 0.020683