0 0.578313 0.899793 0.010710 0.008264
0 0.542838 0.899793 0.012048 0.008264
0 0.488621 0.899793 0.010710 0.008264
0 0.453815 0.899793 0.010710 0.008264
0 0.631861 0.886880 0.010710 0.007231
0 0.507363 0.886880 0.010710 0.007231
0 0.399598 0.886880 0.012048 0.007231
0 0.081660 0.889979 0.005355 0.013430
0 0.074967 0.889979 0.005355 0.013430
0 0.872825 0.889979 0.008032 0.015496
0 0.902276 0.890496 0.005355 0.026860
1 0.757028 0.874483 0.012048 0.007231
1 0.720884 0.874483 0.012048 0.007231
1 0.237617 0.874483 0.012048 0.007231
1 0.182731 0.874483 0.012048 0.007231
1 0.146586 0.874483 0.012048 0.007231
1 0.127845 0.874483 0.012048 0.007231
1 0.809237 0.881715 0.012048 0.044421
1 0.069612 0.862087 0.005355 0.007231
1 0.757028 0.879649 0.046854 0.048554
1 0.497323 0.879649 0.459170 0.048554
1 0.236948 0.879649 0.048193 0.048554
1 0.182731 0.879649 0.049531 0.048554
1 0.126506 0.877583 0.049531 0.052686
1 0.809237 0.842459 0.009371 0.007231
1 0.743641 0.831612 0.012048 0.006198
1 0.753681 0.831612 0.016064 0.016529
1 0.421687 0.827996 0.013387 0.011364
1 0.650602 0.813533 0.010710 0.019628
1 0.531459 0.813533 0.010710 0.019628
1 0.076975 0.763946 0.006693 0.007231
1 0.215529 0.759298 0.050870 0.004132
1 0.485274 0.788740 0.839357 0.063017
1 0.789826 0.712810 0.010710 0.008264
1 0.757697 0.712810 0.010710 0.008264
1 0.543507 0.712810 0.010710 0.008264
1 0.426372 0.712810 0.012048 0.008264
1 0.275770 0.712810 0.010710 0.008264
1 0.673360 0.709711 0.010710 0.014463
1 0.740964 0.702479 0.009371 0.008264
1 0.758367 0.700413 0.012048 0.008264
1 0.593039 0.699897 0.010710 0.007231
1 0.475904 0.699897 0.012048 0.007231
1 0.376841 0.699897 0.012048 0.007231
1 0.259036 0.699897 0.012048 0.007231
1 0.081660 0.702996 0.005355 0.013430
1 0.074967 0.702996 0.005355 0.013430
1 0.714190 0.702996 0.006693 0.017562
1 0.672691 0.697314 0.012048 0.006198
1 0.790495 0.688017 0.012048 0.008264
1 0.774431 0.687500 0.012048 0.007231
1 0.608434 0.687500 0.012048 0.007231
1 0.592369 0.688017 0.012048 0.008264
1 0.576305 0.687500 0.012048 0.007231
1 0.560241 0.687500 0.012048 0.007231
1 0.544177 0.688017 0.012048 0.008264
1 0.475904 0.687500 0.012048 0.007231
1 0.442436 0.687500 0.012048 0.007231
1 0.426372 0.688017 0.012048 0.008264
1 0.392905 0.687500 0.012048 0.007231
1 0.376841 0.688017 0.012048 0.008264
1 0.343373 0.687500 0.012048 0.007231
1 0.275100 0.688017 0.012048 0.008264
1 0.259036 0.688017 0.012048 0.008264
1 0.225569 0.687500 0.012048 0.007231
1 0.176037 0.687500 0.012048 0.007231
1 0.126506 0.687500 0.012048 0.007231
1 0.757697 0.684401 0.016064 0.007231
1 0.641232 0.698347 0.010710 0.037190
1 0.069612 0.675103 0.005355 0.007231
1 0.870147 0.685950 0.042838 0.035124
1 0.821954 0.692665 0.042838 0.048554
1 0.613788 0.679752 0.033467 0.022727
1 0.564926 0.670455 0.034806 0.004132
1 0.497323 0.692665 0.036145 0.048554
1 0.447122 0.679752 0.034806 0.022727
1 0.397590 0.679752 0.034806 0.022727
1 0.343373 0.692665 0.044177 0.048554
1 0.280455 0.692665 0.036145 0.048554
1 0.225569 0.692665 0.044177 0.048554
1 0.176037 0.685950 0.044177 0.035124
1 0.126506 0.692665 0.044177 0.048554
1 0.778447 0.666839 0.033467 0.005165
1 0.371486 0.603306 0.054886 0.006198
1 0.313922 0.603306 0.054886 0.006198
1 0.511379 0.598657 0.010710 0.007231
1 0.474565 0.596074 0.014726 0.006198
1 0.343373 0.595558 0.014726 0.007231
1 0.077644 0.586260 0.005355 0.005165
1 0.836680 0.598140 0.082999 0.035124
1 0.485944 0.604339 0.838019 0.047521
1 0.348059 0.582645 0.010710 0.010331
1 0.516064 0.588843 0.073628 0.026860
1 0.402276 0.586777 0.017403 0.024793
1 0.285810 0.586777 0.017403 0.024793
1 0.485274 0.534091 0.839357 0.041322
2 0.870147 0.447314 0.010710 0.008264
2 0.870817 0.454545 0.041499 0.022727
2 0.204819 0.446798 0.010710 0.007231
2 0.153280 0.446798 0.012048 0.007231
2 0.152610 0.418905 0.016064 0.007231
2 0.485944 0.431302 0.838019 0.065083
2 0.453146 0.392045 0.012048 0.005165
2 0.697456 0.389979 0.010710 0.005165
2 0.608434 0.388946 0.012048 0.005165
2 0.744311 0.387913 0.010710 0.005165
2 0.435743 0.371901 0.009371 0.016529
2 0.661312 0.365186 0.010710 0.019628
2 0.637885 0.367769 0.012048 0.024793
2 0.556894 0.365186 0.010710 0.019628
2 0.457831 0.365186 0.010710 0.019628
2 0.435743 0.358988 0.012048 0.007231
2 0.275100 0.358988 0.012048 0.007231
2 0.208835 0.358988 0.010710 0.007231
2 0.187416 0.368285 0.010710 0.025826
2 0.109103 0.365186 0.012048 0.019628
2 0.356760 0.358471 0.012048 0.008264
2 0.706158 0.345558 0.012048 0.007231
2 0.601740 0.345558 0.012048 0.007231
2 0.400937 0.345558 0.012048 0.007231
2 0.318608 0.346074 0.010710 0.008264
2 0.292503 0.359504 0.044177 0.035124
2 0.230924 0.359504 0.054886 0.035124
2 0.081660 0.348657 0.005355 0.013430
2 0.074967 0.348657 0.005355 0.013430
2 0.714859 0.335744 0.010710 0.016529
2 0.502008 0.338326 0.010710 0.021694
2 0.357430 0.330579 0.016064 0.006198
2 0.152610 0.338326 0.010710 0.021694
2 0.784471 0.325930 0.005355 0.009298
2 0.777778 0.325930 0.008032 0.009298
2 0.730254 0.321281 0.017403 0.024793
2 0.107095 0.298554 0.024096 0.016529
2 0.845382 0.257231 0.012048 0.008264
2 0.716867 0.257231 0.012048 0.008264
2 0.580321 0.257231 0.012048 0.008264
2 0.301874 0.257231 0.012048 0.008264
2 0.438420 0.250000 0.012048 0.022727
2 0.174029 0.250000 0.010710 0.022727
2 0.485944 0.265496 0.838019 0.053719
2 0.076305 0.231921 0.005355 0.007231
2 0.290495 0.208161 0.013387 0.011364
2 0.506024 0.167872 0.797858 0.034091
2 0.216198 0.149793 0.012048 0.012397
2 0.136546 0.146178 0.008032 0.005165
2 0.194110 0.141529 0.021419 0.010331
2 0.177376 0.141529 0.006693 0.010331
2 0.143909 0.139979 0.006693 0.013430
2 0.884203 0.143595 0.017403 0.024793
2 0.858768 0.143595 0.017403 0.024793
2 0.833333 0.143595 0.017403 0.024793
2 0.901606 0.113120 0.006693 0.005165
2 0.886881 0.112603 0.006693 0.006198
2 0.878849 0.112603 0.006693 0.006198
2 0.840027 0.112603 0.006693 0.006198
2 0.830656 0.112603 0.009371 0.006198
2 0.821954 0.112603 0.005355 0.006198
2 0.894244 0.111570 0.005355 0.008264
2 0.870147 0.111054 0.008032 0.009298
2 0.860107 0.111054 0.009371 0.009298
2 0.809237 0.111054 0.006693 0.009298
2 0.563588 0.098657 0.010710 0.009298
2 0.551539 0.098657 0.010710 0.009298
2 0.538153 0.098657 0.010710 0.009298
2 0.497323 0.098657 0.014726 0.009298
2 0.482597 0.099174 0.012048 0.010331
2 0.470549 0.098657 0.009371 0.009298
2 0.459839 0.098657 0.006693 0.009298
2 0.433735 0.099174 0.013387 0.010331
2 0.522088 0.096074 0.016064 0.014463
2 0.448461 0.096074 0.013387 0.014463
2 0.413655 0.096074 0.024096 0.014463
2 0.550201 0.066632 0.013387 0.013430
2 0.534137 0.066632 0.013387 0.013430
2 0.516064 0.067149 0.014726 0.014463
2 0.465863 0.066632 0.013387 0.013430
2 0.449130 0.067149 0.014726 0.014463
2 0.427041 0.063533 0.024096 0.019628
2 0.501339 0.063017 0.009371 0.020661
2 0.485274 0.063017 0.020080 0.020661