0 0.644126 0.886364 0.034153 0.004132
0 0.841530 0.889979 0.098361 0.021694
0 0.620219 0.882748 0.010929 0.007231
0 0.254781 0.889979 0.034153 0.021694
0 0.862022 0.882231 0.010929 0.008264
0 0.733607 0.882231 0.010929 0.008264
0 0.556011 0.882231 0.010929 0.008264
0 0.461066 0.882231 0.012295 0.008264
0 0.396858 0.882231 0.012295 0.008264
0 0.307377 0.882231 0.010929 0.008264
0 0.178962 0.882231 0.010929 0.008264
0 0.862022 0.869835 0.010929 0.008264
0 0.733607 0.869318 0.010929 0.007231
0 0.567623 0.883264 0.096995 0.035124
0 0.461066 0.869835 0.012295 0.008264
0 0.307377 0.869835 0.010929 0.008264
0 0.178962 0.869835 0.010929 0.008264
0 0.084699 0.872417 0.005464 0.013430
0 0.077869 0.872417 0.005464 0.013430
0 0.895492 0.857955 0.012295 0.007231
0 0.829918 0.857955 0.012295 0.007231
0 0.556694 0.857955 0.012295 0.007231
0 0.334699 0.879132 0.065574 0.049587
0 0.340847 0.857955 0.012295 0.007231
0 0.275273 0.857955 0.012295 0.007231
0 0.765710 0.856921 0.012295 0.007231
0 0.210383 0.856921 0.010929 0.007231
0 0.145492 0.856921 0.012295 0.007231
0 0.620902 0.854339 0.015027 0.006198
0 0.643443 0.850207 0.032787 0.004132
0 0.798497 0.845558 0.009563 0.007231
0 0.588798 0.845041 0.008197 0.006198
0 0.862705 0.845041 0.009563 0.008264
0 0.072404 0.844525 0.005464 0.007231
0 0.895492 0.837810 0.009563 0.008264
0 0.715164 0.860021 0.110656 0.052686
0 0.556694 0.837810 0.009563 0.008264
0 0.449454 0.846591 0.098361 0.027893
0 0.161885 0.859504 0.107923 0.053719
0 0.700137 0.817665 0.009563 0.005165
0 0.765710 0.817665 0.009563 0.007231
0 0.732923 0.816632 0.009563 0.007231
1 0.114071 0.771694 0.012295 0.004132
1 0.637978 0.760847 0.010929 0.007231
1 0.551230 0.760847 0.012295 0.007231
1 0.485656 0.760847 0.012295 0.007231
1 0.334699 0.760847 0.010929 0.007231
1 0.281421 0.760847 0.010929 0.007231
1 0.247268 0.760847 0.010929 0.007231
1 0.214481 0.760331 0.010929 0.006198
1 0.836066 0.760331 0.010929 0.008264
1 0.746585 0.757231 0.015027 0.006198
1 0.079918 0.746901 0.006831 0.006198
1 0.108607 0.741219 0.009563 0.007231
1 0.498634 0.750000 0.051913 0.028926
1 0.495902 0.773244 0.855191 0.075413
1 0.728142 0.737603 0.008197 0.008264
1 0.256831 0.719008 0.021858 0.004132
1 0.417350 0.712293 0.036885 0.019628
1 0.170765 0.712293 0.035519 0.019628
1 0.779372 0.662707 0.009563 0.007231
1 0.661885 0.662707 0.009563 0.007231
1 0.568989 0.662707 0.009563 0.007231
1 0.452869 0.662707 0.009563 0.007231
1 0.357240 0.662707 0.009563 0.007231
1 0.159153 0.662707 0.009563 0.007231
1 0.767077 0.657025 0.009563 0.004132
1 0.603142 0.657025 0.009563 0.004132
1 0.343579 0.657025 0.009563 0.004132
1 0.226093 0.657025 0.009563 0.004132
1 0.495902 0.687500 0.855191 0.069215
1 0.801230 0.655475 0.009563 0.007231
1 0.753415 0.655475 0.009563 0.007231
1 0.731557 0.655475 0.009563 0.007231
1 0.696038 0.655475 0.009563 0.007231
1 0.682377 0.655475 0.009563 0.007231
1 0.649590 0.655475 0.009563 0.007231
1 0.635929 0.655475 0.009563 0.007231
1 0.615437 0.655475 0.009563 0.007231
1 0.589481 0.655475 0.009563 0.007231
1 0.555328 0.655475 0.009563 0.007231
1 0.543033 0.655475 0.009563 0.007231
1 0.522541 0.655475 0.009563 0.007231
1 0.487022 0.655475 0.009563 0.007231
1 0.473361 0.655475 0.009563 0.007231
1 0.439208 0.655475 0.009563 0.007231
1 0.426230 0.655475 0.010929 0.007231
1 0.405055 0.655475 0.009563 0.007231
1 0.391393 0.655475 0.009563 0.007231
1 0.379098 0.655475 0.009563 0.007231
1 0.331284 0.655475 0.009563 0.007231
1 0.271175 0.655475 0.009563 0.007231
1 0.250683 0.655475 0.009563 0.007231
1 0.204918 0.655475 0.010929 0.007231
1 0.191940 0.655475 0.009563 0.007231
1 0.179645 0.655475 0.009563 0.007231
1 0.146858 0.655475 0.009563 0.007231
1 0.133197 0.655475 0.009563 0.007231
1 0.112705 0.655475 0.009563 0.007231
1 0.902322 0.633264 0.006831 0.004132
1 0.189208 0.633264 0.020492 0.004132
1 0.643443 0.614669 0.010929 0.008264
1 0.592896 0.614669 0.010929 0.008264
1 0.542350 0.614669 0.010929 0.008264
1 0.491803 0.614669 0.010929 0.008264
1 0.367486 0.614669 0.010929 0.008264
1 0.316257 0.614669 0.012295 0.008264
1 0.220628 0.611570 0.012295 0.014463
1 0.202869 0.611570 0.012295 0.014463
1 0.184426 0.611570 0.010929 0.014463
1 0.112022 0.603822 0.008197 0.007231
1 0.542350 0.602789 0.010929 0.007231
1 0.084699 0.605888 0.005464 0.013430
1 0.077869 0.605888 0.005464 0.013430
1 0.643443 0.602273 0.010929 0.008264
1 0.316257 0.602273 0.012295 0.008264
1 0.885929 0.611570 0.047814 0.049587
1 0.890027 0.590393 0.012295 0.007231
1 0.839481 0.590393 0.012295 0.007231
1 0.835383 0.611570 0.047814 0.049587
1 0.784836 0.611570 0.047814 0.049587
1 0.788934 0.590393 0.012295 0.007231
1 0.738388 0.590393 0.012295 0.007231
1 0.734290 0.611570 0.047814 0.049587
1 0.661885 0.611570 0.047814 0.049587
1 0.611339 0.611570 0.047814 0.049587
1 0.593579 0.590393 0.012295 0.007231
1 0.560792 0.611570 0.047814 0.049587
1 0.510246 0.611570 0.047814 0.049587
1 0.492486 0.590393 0.012295 0.007231
1 0.456967 0.590393 0.012295 0.007231
1 0.433743 0.611570 0.039617 0.049587
1 0.405055 0.590393 0.012295 0.007231
1 0.381831 0.611570 0.039617 0.049587
1 0.368169 0.590393 0.012295 0.007231
1 0.335383 0.611570 0.047814 0.049587
1 0.339481 0.590393 0.012295 0.007231
1 0.287568 0.590393 0.012295 0.007231
1 0.220628 0.590393 0.012295 0.007231
1 0.202869 0.590393 0.012295 0.007231
1 0.185109 0.590393 0.012295 0.007231
1 0.148224 0.610537 0.047814 0.047521
1 0.282104 0.610021 0.050546 0.052686
1 0.868169 0.577996 0.009563 0.007231
1 0.767077 0.577996 0.009563 0.007231
1 0.644126 0.577996 0.009563 0.007231
1 0.543033 0.577996 0.009563 0.007231
1 0.420082 0.577996 0.009563 0.007231
1 0.316257 0.577996 0.009563 0.007231
1 0.112705 0.577996 0.009563 0.007231
1 0.080601 0.576446 0.005464 0.006198
1 0.073087 0.576963 0.006831 0.007231
1 0.851776 0.570764 0.006831 0.007231
1 0.802596 0.570764 0.009563 0.007231
1 0.752049 0.570764 0.009563 0.007231
1 0.667350 0.570764 0.009563 0.007231
1 0.618169 0.570764 0.006831 0.007231
1 0.354508 0.570764 0.009563 0.007231
1 0.131831 0.570764 0.009563 0.007231
1 0.817623 0.570248 0.009563 0.008264
1 0.788934 0.569731 0.009563 0.007231
1 0.738388 0.570248 0.009563 0.008264
1 0.716530 0.569731 0.009563 0.007231
1 0.681011 0.569731 0.009563 0.007231
1 0.630464 0.569731 0.009563 0.007231
1 0.593579 0.570248 0.009563 0.008264
1 0.567623 0.570248 0.006831 0.008264
1 0.492486 0.570248 0.009563 0.008264
1 0.456967 0.570248 0.009563 0.008264
1 0.444672 0.570248 0.006831 0.008264
1 0.405055 0.570248 0.009563 0.008264
1 0.368169 0.570248 0.009563 0.008264
1 0.339481 0.570248 0.009563 0.008264
1 0.302596 0.569731 0.009563 0.007231
1 0.287568 0.569731 0.009563 0.007231
1 0.202869 0.570248 0.009563 0.008264
1 0.185109 0.570248 0.009563 0.008264
1 0.167350 0.570248 0.009563 0.008264
1 0.599044 0.492252 0.009563 0.007231
1 0.080601 0.491219 0.005464 0.007231
1 0.561475 0.488636 0.016393 0.004132
1 0.495902 0.517045 0.855191 0.069215
1 0.905055 0.485021 0.009563 0.007231
1 0.513661 0.483471 0.010929 0.004132
1 0.499317 0.485021 0.009563 0.007231
1 0.400956 0.485021 0.009563 0.007231
1 0.112705 0.485021 0.009563 0.007231
1 0.563525 0.464360 0.009563 0.007231
1 0.549863 0.464360 0.009563 0.007231
1 0.527322 0.464360 0.010929 0.007231
1 0.422814 0.464360 0.009563 0.007231
1 0.254781 0.452479 0.034153 0.014463
2 0.844945 0.413740 0.012295 0.007231
2 0.828552 0.413740 0.012295 0.007231
2 0.812158 0.413740 0.012295 0.007231
2 0.795765 0.413740 0.012295 0.007231
2 0.763661 0.413740 0.010929 0.007231
2 0.747268 0.413740 0.010929 0.007231
2 0.713115 0.413740 0.010929 0.007231
2 0.696721 0.413740 0.010929 0.007231
2 0.680328 0.413740 0.010929 0.007231
2 0.628415 0.413740 0.010929 0.007231
2 0.595628 0.413740 0.010929 0.007231
2 0.560109 0.413740 0.010929 0.007231
2 0.526639 0.413740 0.012295 0.007231
2 0.475410 0.413740 0.010929 0.007231
2 0.407104 0.413740 0.010929 0.007231
2 0.372951 0.413740 0.010929 0.007231
2 0.336066 0.413740 0.010929 0.007231
2 0.319672 0.413740 0.010929 0.007231
2 0.275956 0.413740 0.010929 0.007231
2 0.259563 0.413740 0.010929 0.007231
2 0.243169 0.413740 0.010929 0.007231
2 0.228142 0.413740 0.010929 0.007231
2 0.211749 0.413740 0.010929 0.007231
2 0.195355 0.413740 0.010929 0.007231
2 0.161885 0.413740 0.012295 0.007231
2 0.145492 0.413740 0.012295 0.007231
2 0.129098 0.413740 0.012295 0.007231
2 0.112705 0.413740 0.012295 0.007231
2 0.316257 0.397727 0.017760 0.004132
2 0.760246 0.404442 0.050546 0.025826
2 0.471995 0.404442 0.053279 0.025826
2 0.495902 0.426136 0.855191 0.069215
2 0.276639 0.394112 0.009563 0.007231
2 0.905055 0.373450 0.009563 0.007231
2 0.888661 0.373450 0.009563 0.007231
2 0.335383 0.373450 0.009563 0.007231
2 0.302596 0.373450 0.009563 0.007231
2 0.810792 0.365186 0.050546 0.019628
2 0.855874 0.352789 0.012295 0.007231
2 0.790301 0.353306 0.012295 0.008264
2 0.726093 0.352789 0.012295 0.007231
2 0.659836 0.353306 0.010929 0.008264
2 0.446721 0.352789 0.010929 0.007231
2 0.112705 0.353306 0.012295 0.008264
2 0.113388 0.324897 0.016393 0.007231
2 0.475410 0.309917 0.049180 0.008264
2 0.495902 0.340393 0.855191 0.069215
2 0.490437 0.261880 0.010929 0.007231
2 0.823770 0.255682 0.010929 0.007231
2 0.767077 0.255682 0.012295 0.007231
2 0.637295 0.255682 0.012295 0.007231
2 0.084699 0.258781 0.005464 0.013430
2 0.077869 0.258781 0.005464 0.013430
2 0.876366 0.255165 0.012295 0.008264
2 0.282787 0.267045 0.426230 0.044421
2 0.876366 0.243285 0.012295 0.007231
2 0.710383 0.265496 0.426230 0.051653
2 0.071721 0.230372 0.006831 0.006198
2 0.517077 0.181302 0.812842 0.042355
2 0.198087 0.142562 0.010929 0.010331
2 0.186475 0.142562 0.009563 0.010331
2 0.175546 0.142562 0.006831 0.010331
2 0.140710 0.141529 0.008197 0.016529
2 0.920082 0.114153 0.006831 0.005165
2 0.905055 0.113636 0.006831 0.006198
2 0.896858 0.113636 0.006831 0.006198
2 0.859973 0.113636 0.012295 0.006198
2 0.838798 0.113636 0.005464 0.006198
2 0.887978 0.112087 0.008197 0.009298
2 0.878415 0.111054 0.008197 0.007231
2 0.831967 0.111570 0.005464 0.008264
2 0.826503 0.112087 0.005464 0.009298
2 0.549180 0.099690 0.013661 0.009298
2 0.536885 0.099690 0.005464 0.009298
2 0.511612 0.099690 0.009563 0.009298
2 0.497951 0.099690 0.012295 0.009298
2 0.482923 0.099690 0.015027 0.009298
2 0.467896 0.100207 0.012295 0.010331
2 0.524590 0.097107 0.013661 0.014463
2 0.467213 0.091942 0.005464 0.004132
2 0.447404 0.097107 0.023224 0.014463
2 0.602459 0.064050 0.027322 0.020661
2 0.581284 0.064050 0.012295 0.020661
2 0.542350 0.064050 0.060109 0.020661
2 0.493169 0.064050 0.032787 0.020661
2 0.444672 0.064050 0.061475 0.020661
2 0.396175 0.064050 0.032787 0.020661