0 0.734525 0.899690 0.011004 0.008273
0 0.554333 0.899690 0.011004 0.008273
0 0.481431 0.899690 0.011004 0.008273
0 0.408528 0.899690 0.011004 0.008273
0 0.254470 0.899690 0.011004 0.008273
0 0.219395 0.899690 0.012380 0.008273
0 0.695323 0.886763 0.012380 0.007239
0 0.627235 0.886763 0.011004 0.007239
0 0.481431 0.887280 0.011004 0.008273
0 0.185007 0.886763 0.012380 0.007239
0 0.086657 0.889866 0.005502 0.013444
0 0.079780 0.889866 0.005502 0.013444
0 0.788171 0.888831 0.008253 0.017580
1 0.253783 0.874871 0.012380 0.008273
1 0.219395 0.874354 0.012380 0.007239
1 0.185007 0.874871 0.012380 0.008273
1 0.733838 0.871251 0.015131 0.007239
1 0.407153 0.871251 0.016506 0.007239
1 0.074278 0.861427 0.005502 0.006205
1 0.167125 0.879524 0.116919 0.048604
1 0.497249 0.877456 0.477304 0.052740
1 0.784732 0.846949 0.009629 0.010341
1 0.323246 0.837642 0.008253 0.006205
1 0.288171 0.838159 0.009629 0.007239
1 0.894085 0.785419 0.011004 0.007239
1 0.856259 0.785419 0.012380 0.007239
1 0.724897 0.785419 0.011004 0.007239
1 0.706327 0.785419 0.012380 0.007239
1 0.561210 0.785419 0.011004 0.007239
1 0.523384 0.785419 0.012380 0.007239
1 0.392022 0.785419 0.011004 0.007239
1 0.373453 0.785419 0.012380 0.007239
1 0.227648 0.785419 0.012380 0.007239
1 0.190509 0.785419 0.012380 0.007239
1 0.171939 0.785419 0.011004 0.007239
1 0.500688 0.787487 0.861073 0.052740
1 0.180193 0.754912 0.008253 0.006205
1 0.171939 0.754395 0.005502 0.005171
1 0.164374 0.754912 0.006878 0.006205
1 0.147180 0.753361 0.008253 0.009307
1 0.130674 0.753361 0.011004 0.009307
1 0.116231 0.753361 0.012380 0.009307
1 0.724209 0.748190 0.009629 0.007239
1 0.706327 0.748190 0.009629 0.007239
1 0.391334 0.748190 0.009629 0.007239
1 0.373453 0.748190 0.009629 0.007239
1 0.500688 0.714581 0.861073 0.057911
1 0.082531 0.683557 0.005502 0.004137
1 0.870702 0.630817 0.011004 0.008273
1 0.850757 0.630817 0.012380 0.008273
1 0.814993 0.630817 0.012380 0.008273
1 0.794360 0.630817 0.012380 0.008273
1 0.666437 0.630817 0.012380 0.008273
1 0.614856 0.630817 0.011004 0.008273
1 0.328748 0.630817 0.011004 0.008273
1 0.293673 0.630817 0.012380 0.008273
1 0.701513 0.617890 0.011004 0.007239
1 0.380330 0.617890 0.012380 0.007239
1 0.222834 0.617890 0.011004 0.007239
1 0.086657 0.620993 0.005502 0.013444
1 0.079780 0.620993 0.005502 0.013444
1 0.911967 0.627198 0.011004 0.042399
1 0.891334 0.626680 0.011004 0.041365
1 0.870702 0.609100 0.011004 0.006205
1 0.850757 0.609100 0.009629 0.006205
1 0.814993 0.609100 0.009629 0.006205
1 0.795048 0.609100 0.011004 0.006205
1 0.774415 0.626680 0.011004 0.041365
1 0.753783 0.626680 0.011004 0.041365
1 0.700825 0.606515 0.012380 0.007239
1 0.614168 0.606515 0.012380 0.007239
1 0.328061 0.606515 0.012380 0.007239
1 0.718019 0.605481 0.011004 0.007239
1 0.666437 0.605998 0.012380 0.008273
1 0.380330 0.605998 0.012380 0.008273
1 0.293673 0.605998 0.012380 0.008273
1 0.240028 0.605481 0.012380 0.007239
1 0.222146 0.605998 0.012380 0.008273
1 0.082531 0.592554 0.005502 0.006205
1 0.074966 0.593071 0.006878 0.007239
1 0.696699 0.610651 0.053645 0.048604
1 0.623109 0.610651 0.063274 0.048604
1 0.534388 0.610651 0.064649 0.048604
1 0.371389 0.610651 0.063274 0.048604
1 0.301926 0.610651 0.064649 0.048604
1 0.213205 0.610651 0.066025 0.048604
1 0.461486 0.608583 0.067400 0.052740
1 0.140990 0.608583 0.067400 0.052740
1 0.526135 0.577559 0.012380 0.005171
1 0.204952 0.577559 0.011004 0.005171
1 0.169188 0.573940 0.008253 0.006205
1 0.160248 0.574974 0.006878 0.008273
1 0.146492 0.572389 0.006878 0.009307
1 0.130674 0.572389 0.011004 0.009307
1 0.116231 0.572389 0.012380 0.009307
2 0.554333 0.516546 0.011004 0.007239
2 0.254470 0.516546 0.011004 0.007239
2 0.219395 0.516546 0.012380 0.007239
2 0.185007 0.516546 0.012380 0.007239
2 0.733838 0.512927 0.015131 0.006205
2 0.407840 0.512927 0.015131 0.006205
2 0.082531 0.503619 0.005502 0.006205
2 0.500688 0.518614 0.861073 0.052740
2 0.784044 0.488625 0.008253 0.009307
2 0.323246 0.479317 0.011004 0.007239
2 0.288171 0.479317 0.009629 0.007239
2 0.856259 0.451396 0.012380 0.007239
2 0.800550 0.451396 0.011004 0.007239
2 0.190509 0.451396 0.012380 0.007239
2 0.171939 0.451396 0.011004 0.007239
2 0.134113 0.451396 0.012380 0.007239
2 0.500688 0.429162 0.861073 0.051706
2 0.179505 0.397104 0.006878 0.006205
2 0.171939 0.397104 0.005502 0.006205
2 0.130674 0.395036 0.011004 0.010341
2 0.116231 0.395036 0.012380 0.010341
2 0.724209 0.389866 0.009629 0.008273
2 0.706327 0.389866 0.009629 0.008273
2 0.391334 0.389866 0.009629 0.008273
2 0.753095 0.362461 0.012380 0.007239
2 0.691197 0.362461 0.012380 0.007239
2 0.605227 0.361944 0.011004 0.008273
2 0.563274 0.361944 0.012380 0.008273
2 0.381018 0.361944 0.011004 0.008273
2 0.339065 0.361944 0.012380 0.008273
2 0.156809 0.361944 0.011004 0.008273
2 0.114856 0.361944 0.012380 0.008273
2 0.086657 0.353154 0.005502 0.013444
2 0.079780 0.353154 0.005502 0.013444
2 0.814993 0.349535 0.012380 0.008273
2 0.809491 0.361427 0.061898 0.048604
2 0.702201 0.359359 0.094911 0.044467
2 0.605227 0.340228 0.011004 0.006205
2 0.563961 0.340228 0.011004 0.006205
2 0.520633 0.357808 0.012380 0.041365
2 0.478680 0.358325 0.011004 0.042399
2 0.423659 0.357808 0.011004 0.041365
2 0.381018 0.340228 0.011004 0.006205
2 0.339752 0.340228 0.011004 0.006205
2 0.296424 0.357808 0.012380 0.041365
2 0.242091 0.358325 0.011004 0.042399
2 0.199450 0.357808 0.011004 0.041365
2 0.156809 0.340228 0.011004 0.006205
2 0.115543 0.340228 0.011004 0.006205
2 0.883081 0.340745 0.068776 0.025853
2 0.081155 0.324199 0.005502 0.007239
2 0.500688 0.268356 0.861073 0.042399
2 0.716644 0.182523 0.011004 0.007239
2 0.651307 0.182523 0.012380 0.007239
2 0.635488 0.182523 0.011004 0.007239
2 0.532325 0.182523 0.011004 0.007239
2 0.498624 0.182523 0.012380 0.007239
2 0.410591 0.182523 0.012380 0.007239
2 0.394085 0.182523 0.012380 0.007239
2 0.378267 0.182523 0.011004 0.007239
2 0.243466 0.182523 0.011004 0.007239
2 0.226272 0.182523 0.012380 0.007239
2 0.805365 0.151499 0.012380 0.011375
2 0.145117 0.148914 0.006878 0.006205
2 0.105915 0.146846 0.011004 0.010341
2 0.092160 0.146846 0.011004 0.010341
2 0.522008 0.167011 0.818432 0.065150
2 0.565337 0.129266 0.011004 0.006205
2 0.259972 0.129266 0.011004 0.006205
2 0.200825 0.124095 0.011004 0.010341
2 0.189133 0.124095 0.009629 0.010341
2 0.178129 0.124095 0.006878 0.010341
2 0.143054 0.123061 0.008253 0.016546
2 0.584594 0.098242 0.011004 0.010341
2 0.570839 0.099793 0.013755 0.013444
2 0.559147 0.097725 0.006878 0.009307
2 0.548831 0.097725 0.011004 0.009307
2 0.520633 0.098242 0.012380 0.010341
2 0.479367 0.098242 0.012380 0.010341
2 0.466988 0.097725 0.006878 0.009307
2 0.455296 0.097725 0.013755 0.009307
2 0.444292 0.097725 0.005502 0.009307
2 0.535076 0.095140 0.013755 0.014478
2 0.504127 0.095657 0.017882 0.015512
2 0.435351 0.095140 0.006878 0.014478
2 0.420908 0.095657 0.019257 0.015512
2 0.497249 0.066184 0.020633 0.012410
2 0.533700 0.066184 0.016506 0.014478
2 0.477304 0.065667 0.016506 0.013444
2 0.515818 0.063599 0.013755 0.019648
2 0.549519 0.062048 0.009629 0.020683
2 0.458047 0.062565 0.019257 0.021717